-10.044214 -14.182916 60.215773
-10.044214 14.182916 60.703781
-10.044214 -12.182241 81.001324
-9.791099 13.347415 81.478001
-17.275375 0.000000 71.090893
-13.559685 0.000000 58.754156
-18.575394 0.000000 90.907169
-12.617471 -15.656488 71.090889
-13.559685 17.230368 71.090889
-5.695479 -7.104514 57.124683
-6.943022 0.000000 56.528812
-5.272778 7.788441 57.124683
-0.345862 11.529933 56.260878
-8.179865 -5.320090 23.126920
-8.346330 4.495473 22.982060
-5.772312 10.218824 24.427246
-11.543719 -20.482576 37.591581
-16.740782 -0.000000 32.073379
-11.543720 18.331085 39.707420
-10.116697 -13.665443 47.236227
-10.116697 13.433549 47.236226
-14.887270 -0.767368 43.107080
-9.785935 -0.000000 54.008210
-9.704873 -5.350253 53.541738
-11.422860 -6.902901 48.923176
-11.422861 6.902901 48.923174
-9.704874 5.350252 52.789944
-22.605331 -11.486253 31.017662
-25.973158 -10.761055 32.191005
-27.430017 -5.432906 32.290465
-26.439739 -1.471348 31.108005
-22.373573 0.020237 29.967959
-21.144176 -7.450453 29.880563
-13.425125 -6.846329 48.862018
-17.554461 -5.488777 52.201365
-18.112711 -0.199410 52.440706
-17.774002 5.133884 51.433377
-13.710221 6.903941 47.936378
-2.431940 -7.882108 21.493866
-1.580332 2.121591 19.902092
-16.060675 4.073590 2.210258
-8.768384 3.722980 0.796787
-8.482767 -7.319463 1.278255
-14.661730 -6.879908 2.663689
-18.809771 -4.777594 40.487379
-23.198225 -3.502853 42.191807
-24.218292 1.806853 42.205090
-23.536911 6.547565 42.220569
-19.249586 8.075642 40.421064
-17.726137 2.332798 37.236710
-5.570321 0.000000 87.159508
-3.747315 -13.750661 83.757149
-3.110328 17.024675 83.987709
-4.865929 1.806600 86.756580
-12.223343 4.687637 83.731522
-16.676083 5.945431 71.090893
-14.969450 4.336215 73.823124
-16.395929 0.000000 74.123173
-16.351898 0.064829 74.662289
-16.364923 0.000000 74.687569
-12.012156 -14.996794 75.663353
-15.288276 -2.536153 74.210995
-12.232003 -3.021130 82.486347
-5.013468 -3.262256 86.611973
-5.911731 -5.060098 88.892998
-6.287015 -0.004808 90.783501
-5.853262 2.874742 89.038044
-16.797794 4.213510 88.380577
-17.470894 3.691620 75.086834
-17.452785 -5.823795 76.179745
-16.892181 -6.777961 89.198620
-13.752193 -0.002404 93.712158
-11.041181 3.544127 91.432163
-12.722944 -6.697542 91.912632
-22.229820 0.214897 81.813694
-20.504608 3.952567 81.537952
-20.542747 -6.300877 82.256176
-14.525679 -2.275906 75.860508
-16.615322 -3.811884 77.838989
-18.767338 -5.662024 82.184704
-15.972328 -5.297371 88.143986
-12.298979 -6.214344 90.253754
-6.926490 -5.257627 88.057758
-6.100340 -5.039647 86.325092
-10.019606 -0.003606 92.817852
-8.447220 3.209433 90.805119
-9.317337 -6.657334 90.972836
-9.612734 -5.735985 89.725765
-21.005257 0.107449 87.808758
-19.253849 4.083039 85.684010
-19.320110 -6.539418 86.452141
-17.972481 -5.479696 85.889091
-16.364521 0.001988 74.686783
-19.268015 0.063422 76.444187
-18.889618 -6.045638 79.005291
-18.881573 3.812960 78.086597
-17.616009 -4.672198 79.859737
-20.795740 0.133858 78.590939
-3.783527 -21.341869 70.834930
-7.543907 -22.797852 69.046377
-9.591578 -22.445724 64.058599
-8.105323 -15.716576 59.047220
-6.430583 -24.431887 67.378330
-7.929803 -23.148476 63.328367
-2.367405 -16.845940 57.492929
-6.939903 -22.731827 59.940018
-4.891472 -16.611580 57.873335
-2.164326 -26.184023 68.779684
-4.499903 -23.343855 58.644436
-7.116156 -11.899737 82.537807
-9.486234 -3.959740 85.051380
-10.959307 -13.510120 78.774193
-13.652090 -2.674601 79.826248
-11.567628 -14.369099 76.976791
-11.420906 -16.022526 66.033962
-11.678908 16.491184 65.533787
-15.547579 0.000000 64.570383
-11.924991 16.838665 75.920898
-4.806820 -9.063949 22.253237
-10.916196 -9.248187 2.191521
-4.361090 6.717875 21.549879
-8.885447 -1.253769 23.059560
-1.425128 -3.688575 20.642267
-12.451512 6.423070 1.451572
-7.489082 -2.099846 0.577381
-16.432659 -1.711135 2.629902
-11.845796 -6.913921 1.309814
-15.507456 -1.531250 1.224022
-13.076116 3.839630 0.216324
-9.190784 -1.957701 0.000000
-14.160187 -5.265418 1.323334
-15.196746 2.272443 1.150578
-10.360554 2.061226 0.216095
-9.920397 -5.584760 0.730846
-21.773937 -12.889471 31.462327
-25.319935 -10.078881 31.494732
-26.444826 -5.999440 31.625215
-25.708578 -3.112410 30.548954
-23.116432 -2.166732 29.745260
-19.735826 -7.027642 30.005374
-0.117310 25.474026 69.872351
-0.117310 -13.044278 22.776184
-0.117310 22.945505 33.835415
-0.117310 -22.178244 43.082449
-0.117310 -15.327711 85.071033
-0.117310 -17.242313 57.169510
-0.117310 22.505173 76.943630
1.345713 2.121591 19.902092
-0.117310 0.157488 20.444246
2.197321 -7.882108 21.493866
1.190509 -3.688575 20.642267
8.111711 4.495473 22.982059
5.537693 10.218824 24.427246
-0.117310 13.243167 22.376627
4.126471 6.717875 21.549879
3.512696 -13.750661 83.757149
-0.117310 0.000000 88.922615
5.335702 0.000000 87.159508
4.778849 -3.262256 86.611973
16.563177 4.213510 88.380577
18.340775 0.000000 90.907169
13.517574 -0.002404 93.712158
10.806562 3.544127 91.432163
11.444289 16.491184 65.533787
13.325065 17.230368 71.090889
-0.117310 22.058222 63.042513
9.578385 13.286913 81.478001
2.875709 17.024675 83.987709
-0.117310 16.745874 84.479099
11.690372 16.838665 75.920898
9.809595 14.182916 60.703781
13.325066 0.000000 58.754156
15.312960 0.000000 64.570383
9.809595 -14.182916 60.215773
11.186287 -16.022526 66.033962
16.657562 -6.777961 89.198620
20.770638 0.107449 87.808758
19.085491 -6.539418 86.452141
6.708403 0.000000 56.528812
5.460860 -7.104514 57.124683
5.038158 7.788441 57.124683
-0.117310 19.088957 57.110752
-0.117310 16.563400 56.794434
0.111243 11.529933 56.260878
9.470254 -5.350253 53.541737
11.188241 -6.902901 48.923176
9.882078 -13.665443 47.236227
9.882078 13.433549 47.236226
11.188242 6.902901 48.923174
9.470255 5.350252 52.789944
-0.117310 17.100143 47.520118
-0.117310 19.883516 43.082450
-0.117310 11.420650 56.146370
16.506163 -0.000000 32.073378
8.650827 -1.253769 23.059559
7.945246 -5.320090 23.126919
11.309100 -20.482576 37.591581
11.309103 18.331085 39.707419
4.572201 -9.063949 22.253237
-0.117310 -25.863705 31.006816
14.652651 -0.767368 43.107080
9.551316 -0.000000 54.008209
22.881813 -2.166732 29.745260
20.909557 -7.450453 29.880562
22.370712 -11.486253 31.017662
25.085316 -10.078881 31.494732
26.210207 -5.999440 31.625215
25.473959 -3.112410 30.548954
17.319841 -5.488777 52.201365
13.190506 -6.846329 48.862018
17.878092 -0.199410 52.440706
17.539383 5.133884 51.433376
13.475602 6.903941 47.936378
18.575151 -4.777594 40.487379
17.491518 2.332798 37.236710
22.963606 -3.502853 42.191807
23.983673 1.806853 42.205090
23.302292 6.547565 42.220569
19.014967 8.075642 40.421064
16.198040 -1.711135 2.629902
15.826056 4.073590 2.210258
14.962127 2.272443 1.150578
15.272837 -1.531250 1.224022
12.216893 6.423070 1.451572
7.254463 -2.099846 0.577381
8.533765 3.722980 0.796787
10.681577 -9.248187 2.191521
8.248148 -7.319463 1.278255
14.427111 -6.879908 2.663689
25.738539 -10.761055 32.191004
21.539318 -12.889471 31.462327
27.195398 -5.432906 32.290465
26.205120 -1.471348 31.108004
22.138954 0.020237 29.967958
19.501207 -7.027642 30.005373
6.052396 -0.004808 90.783501
9.784986 -0.003606 92.817852
9.082718 -6.657334 90.972836
5.677111 -5.060098 88.892998
4.631310 1.806600 86.756580
11.988724 4.687637 83.731522
16.441463 5.945431 71.090893
14.734831 4.336215 73.823124
17.040756 0.000000 71.090893
16.161310 0.000000 74.123173
16.130304 0.000000 74.687569
16.129902 0.001988 74.686783
12.382852 -15.656488 71.090889
11.777536 -14.996794 75.663353
15.053657 -2.536153 74.210995
11.333009 -14.369099 76.976791
10.724688 -13.510120 78.774193
13.417471 -2.674601 79.826248
14.291059 -2.275906 75.860508
11.997384 -3.021130 82.486347
9.809595 -12.182241 81.001324
6.881536 -11.899737 82.537807
9.251615 -3.959740 85.051380
5.618643 2.874742 89.038044
8.212601 3.209433 90.805119
17.236277 3.691620 75.086834
18.646954 3.812960 78.086597
20.269991 3.952567 81.537952
19.019230 4.083039 85.684010
17.218166 -5.823795 76.179745
18.654999 -6.045638 79.005291
20.538353 0.133858 78.590939
19.033396 0.063422 76.444187
12.488325 -6.697542 91.912632
21.995201 0.214897 81.813694
15.737709 -5.297371 88.143986
17.737862 -5.479696 85.889091
18.532719 -5.662024 82.184704
17.381390 -4.672198 79.859737
16.380703 -3.811884 77.838989
9.378115 -5.735985 89.725765
6.691871 -5.257627 88.057758
12.064360 -6.214344 90.253754
5.865721 -5.039647 86.325092
20.308128 -6.300877 82.256176
16.117279 0.064829 74.662289
7.309287 -22.797852 69.046377
3.539109 -21.347103 70.835117
7.870704 -15.716576 59.047220
9.212572 -20.529160 64.058601
7.695182 -23.148476 63.328367
6.195963 -24.431887 67.378330
6.705282 -22.623880 59.940018
4.265283 -23.343855 58.644436
1.498120 -23.190290 58.085266
-0.117310 -23.316236 57.855236
-0.117310 -26.787634 68.841486
1.929706 -26.184023 68.779684
4.656852 -16.611580 57.873335
2.132786 -16.845940 57.492929
13.925568 -5.265418 1.323334
11.611176 -6.913921 1.309814
8.956165 -1.957701 0.000000
10.125935 2.061226 0.216095
9.685778 -5.584760 0.730846
12.841496 3.839630 0.216324
-0.118672 -22.303234 71.457829
-0.117310 -10.466508 56.267874
-2.252287 -26.097626 66.396229
-0.117309 -26.391758 64.209066
2.017668 -26.097626 66.396229
-0.117309 -27.061214 67.995260
-1.188300 -27.190134 65.994888
-0.150457 -27.128304 64.692705
0.963155 -27.190134 65.858500
-0.151554 -27.915575 66.777845
-1.444413 -25.855089 64.781914
1.097470 -25.838137 64.838165
1.252520 -26.506880 67.441301
-1.492887 -26.498539 67.492510
-0.804668 -27.523247 66.598867
0.547462 -27.556648 66.514393
0.573280 -27.158119 65.071211
-0.892416 -27.159218 65.128138
-0.023967 -24.384356 59.639690
-0.117309 -24.469580 60.324398
-0.023967 -24.461180 59.887466
-5.110416 -24.051643 61.551918
-0.001052 -26.390320 64.269276
0.158563 -24.448963 59.938637
-0.231750 -24.449322 60.200830
-0.220219 -26.404890 64.253490
5.011714 -25.106138 60.442736
0.500428 -26.088966 64.528976
5.294551 -25.165237 61.233042
4.328739 -25.338268 61.418591
1.601126 -25.015760 60.140741
4.761528 -25.257214 61.503435
3.423307 -25.261309 60.727991
-0.002093 -25.315805 62.017654
4.377191 -25.169504 60.341291
5.290600 -25.139332 60.832283
2.784366 -25.048077 61.283773
4.060807 -25.012506 62.174368
4.935661 -24.999035 62.124481
5.994730 -24.678139 61.411777
5.856762 -24.489418 60.752398
5.492096 -24.461000 59.959408
4.219283 -24.461143 59.780075
2.000791 -25.163103 60.725039
2.517148 -25.116646 60.394173
1.270767 -25.024818 60.583986
0.158760 -24.576809 60.366161
2.702773 -24.453554 59.708315
3.131942 -25.246773 60.325611
1.636414 -24.760427 59.559732
6.301354 -23.965025 61.753078
3.001184 21.690359 76.673519
3.291513 23.869553 70.181358
3.274736 20.424915 63.773426
3.267246 17.416252 58.335787
-3.126870 21.742636 76.682953
-3.113008 24.064003 70.143909
-3.352236 20.500568 63.739569
-3.470568 17.431721 58.324459
-14.293165 5.347255 64.882765
-12.316281 5.016423 59.443727
14.203767 4.728214 64.846603
12.323807 4.039507 59.309439
-11.133779 9.435276 82.604763
-3.988128 9.708179 85.372143
-15.117884 12.546183 71.090893
-0.117310 8.845442 86.996826
3.753509 9.708179 85.372143
10.899159 9.435277 82.604759
14.883265 12.546183 71.090893
11.066701 9.111212 60.006611
12.824028 10.609699 65.190195
-12.986036 10.919220 65.208275
-11.180248 9.599669 60.073753
-6.757391 15.807318 59.514120
-8.336347 21.605469 70.617401
-6.577271 15.896338 82.732857
7.359512 18.458050 64.653606
6.342652 15.896338 82.732853
7.345778 19.686981 76.297207
8.308290 21.508244 70.636127
6.538421 15.799583 59.519783
-7.525931 19.713118 76.301926
-7.515573 18.495876 64.636677
-2.809320 9.659186 56.692781
-2.944811 11.730995 23.401937
-5.830515 20.638294 36.771417
-5.117003 16.658533 45.159338
2.710191 11.730995 23.401937
2.574701 9.659187 56.692780
4.882384 16.658533 45.159338
5.595896 20.638294 36.771417
-9.861792 -12.901333 30.359251
-12.543555 2.247737 27.527719
-8.658016 14.274955 32.067332
-0.117310 18.094336 28.106021
-0.117310 -19.453991 26.891500
12.308937 2.247736 27.527719
9.627172 -12.901333 30.359250
8.423398 14.274955 32.067333
-4.387663 16.184645 30.086677
4.153044 16.184645 30.086677
-5.830514 -23.173141 34.299199
-5.117003 -17.921844 45.159338
-2.906394 -8.785511 56.696278
5.595895 -23.173141 34.299198
4.882384 -17.921844 45.159338
2.671775 -8.785511 56.696278
-4.989551 -16.177662 28.625375
4.754931 -16.177662 28.625375
-14.142250 -10.241288 34.832480
-14.142251 9.165543 35.890399
-12.501984 -7.216406 45.171654
-12.501984 6.333091 45.171653
13.907631 -10.241288 34.832480
13.907633 9.165543 35.890399
12.267365 -7.216405 45.171654
12.267365 6.333091 45.171653
-11.202674 -5.326797 28.943485
-10.600786 8.261345 29.797525
10.968055 -5.326798 28.943484
10.366167 8.261345 29.797525
3.343574 -19.291506 76.058666
-0.118651 -20.480762 75.584270
-3.588499 -19.287672 76.058655
6.577355 -18.087082 75.631142
6.577299 -19.788776 71.657764
-6.865621 -18.066114 75.631603
-6.863695 -19.765551 71.648746
6.738440 -14.512977 78.962616
3.432089 -16.176033 79.275089
-0.117310 -18.288788 79.672047
-3.666708 -16.176033 79.275089
-7.015896 -14.498903 78.959972
-7.077215 -12.909235 81.148201
-3.707775 -14.940385 81.558552
-0.117310 -17.023336 81.979370
3.473155 -14.940385 81.558552
6.825961 -12.914653 81.149296
-0.117310 -20.702320 73.459766
3.207605 -20.277817 71.593475
-3.555854 -20.358265 71.187534
6.320799 -19.194191 73.437321
-6.630580 -19.159567 73.436512
4.549887 -19.762169 72.629948
3.137583 -19.914286 73.933167
1.950997 -20.377289 72.703243
-1.930171 -20.661856 72.668331
-3.608314 -19.393505 74.155651
-5.299496 -19.383633 72.657269
-4.901075 -19.048222 73.718784
-4.832163 -20.117287 71.593338
-2.326602 -20.958614 71.604370
-2.314307 -20.471447 73.721004
2.332952 -20.269188 73.646263
2.333507 -20.494156 71.880665
4.329504 -19.614759 73.616810
4.115455 -20.207008 71.770420
2.915077 -19.178913 71.031708
4.393692 -19.103451 71.552101
4.808424 -18.602577 72.566872
4.449344 -18.384247 73.373718
3.206439 -18.579279 73.786400
1.783248 -19.444778 73.333378
1.363877 -19.442955 72.322319
1.710462 -19.632475 71.480282
-3.251901 -19.600639 71.586147
-2.503503 -20.046457 71.872082
-2.281386 -19.855043 72.415283
-2.548562 -19.851244 73.062698
-3.441040 -18.991535 73.345032
-4.229480 -18.794960 73.084660
-4.453097 -19.017822 72.565628
-4.174203 -19.537325 71.900902
-0.117991 -21.502777 72.458797
1.710219 -21.825169 71.146473
1.612462 -19.886133 75.821468
4.960464 -18.689293 75.844906
5.058204 -20.567940 71.246441
6.449077 -18.640636 74.534233
-0.117980 -20.591541 74.522018
6.449049 -19.491484 72.547543
3.757821 -20.273659 71.723297
4.465869 -19.678556 73.227322
2.775599 -19.980244 73.881687
2.005551 -20.395992 72.174126
2.053679 -20.305147 73.250065
2.805944 -20.421009 71.619091
3.836334 -19.764523 73.912933
4.382578 -20.029915 72.123783
normal
-0.000000 -0.135405 -0.990790
0.000000 -0.173946 -0.984755
0.178509 -0.177739 -0.967752
-0.000000 -0.135405 -0.990790
0.178509 -0.177739 -0.967752
0.753968 -0.286808 -0.590994
0.201246 -0.118495 -0.972347
-0.000000 -0.135405 -0.990790
0.753968 -0.286808 -0.590994
-0.496408 0.409398 -0.765489
0.000000 0.527039 -0.849841
0.000000 0.537081 -0.843531
-0.550406 0.476420 -0.685622
-0.496408 0.409398 -0.765489
0.000000 0.537081 -0.843531
0.000000 0.537081 -0.843531
0.812044 0.555464 -0.179011
0.440752 0.671386 -0.595801
-0.550406 0.476420 -0.685622
0.000000 0.537081 -0.843531
0.440752 0.671386 -0.595801
-0.691634 0.453080 -0.562459
-0.550406 0.476420 -0.685622
0.440752 0.671386 -0.595801
0.000000 -0.290985 0.956728
-0.008111 -0.008827 0.999928
-0.298700 0.027841 0.953941
0.000000 -0.290985 0.956728
-0.298700 0.027841 0.953941
-0.142335 -0.244954 0.959030
-0.443131 -0.284854 0.849996
0.000000 -0.290985 0.956728
-0.142335 -0.244954 0.959030
-0.501496 0.604637 0.618802
-0.519290 0.589878 0.618370
-0.339355 0.633832 0.695051
-0.339355 0.633832 0.695051
-0.288476 0.664001 0.689843
-0.501496 0.604637 0.618802
-0.514418 0.739268 -0.434576
-0.627236 0.715569 -0.307467
-0.494699 0.765760 -0.410957
-0.494699 0.765760 -0.410957
-0.469216 0.749434 -0.467103
-0.514418 0.739268 -0.434576
-0.591147 0.624950 0.509884
-0.531235 0.695982 0.483113
-0.485695 0.763210 0.426158
-0.485695 0.763210 0.426158
-0.523380 0.746523 0.410825
-0.591147 0.624950 0.509884
-0.905526 0.260772 -0.334696
-0.946254 0.002397 -0.323415
-0.955950 -0.009702 -0.293369
-0.955950 -0.009702 -0.293369
-0.912517 0.221256 -0.344034
-0.905526 0.260772 -0.334696
-0.825422 -0.451066 -0.339437
-0.403299 -0.910862 -0.087632
-0.955950 -0.009702 -0.293369
-0.955950 -0.009702 -0.293369
-0.946254 0.002397 -0.323415
-0.825422 -0.451066 -0.339437
-0.620783 -0.315923 0.717510
-0.625373 -0.333172 0.705623
-0.859032 -0.297167 0.416840
-0.859032 -0.297167 0.416840
-0.842833 -0.304278 0.443899
-0.620783 -0.315923 0.717510
-0.475887 -0.081701 -0.875703
-0.335389 0.001608 -0.942078
-0.329685 -0.012464 -0.944009
-0.329685 -0.012464 -0.944009
-0.362271 -0.132090 -0.922666
-0.475887 -0.081701 -0.875703
-0.381563 0.218054 -0.898255
-0.374451 0.194124 -0.906699
-0.356473 0.217668 -0.908597
-0.381563 0.218053 -0.898255
-0.381563 0.218054 -0.898255
-0.356473 0.217668 -0.908597
-0.335389 0.001608 -0.942078
-0.381563 0.218053 -0.898255
-0.356473 0.217668 -0.908597
-0.335389 0.001608 -0.942078
-0.356473 0.217668 -0.908597
-0.329685 -0.012464 -0.944009
-0.000000 0.124276 -0.992248
0.000000 0.124276 -0.992248
-0.371783 0.169426 -0.912728
-0.387673 0.114557 -0.914651
-0.000000 0.124276 -0.992248
-0.371783 0.169426 -0.912728
-0.387673 0.114557 -0.914651
-0.387673 0.114557 -0.914651
-0.371783 0.169426 -0.912728
-0.374451 0.194124 -0.906699
-0.387673 0.114557 -0.914651
-0.371783 0.169426 -0.912728
-0.374451 0.194124 -0.906699
-0.371783 0.169426 -0.912728
-0.346695 0.247672 -0.904688
-0.374451 0.194124 -0.906699
-0.346695 0.247672 -0.904688
-0.356473 0.217668 -0.908597
-0.907592 -0.263701 0.326710
-0.699253 -0.230823 0.676583
-0.733792 -0.246689 0.633004
-0.733792 -0.246689 0.633004
-0.899916 -0.260964 0.349355
-0.907592 -0.263701 0.326710
-0.742446 0.238273 0.626099
-0.906850 0.239049 0.347101
-0.874229 0.293736 0.386579
-0.874229 0.293736 0.386579
-0.746566 0.324734 0.580678
-0.742446 0.238273 0.626099
-0.413145 0.717527 0.560773
-0.291750 0.813724 0.502727
-0.292919 0.780210 0.552695
-0.292919 0.780210 0.552695
-0.416747 0.686383 0.595987
-0.413145 0.717527 0.560773
-0.025790 0.823012 0.567438
-0.000000 0.835225 0.549909
0.086548 0.843979 0.529348
-0.667951 -0.292316 -0.684393
-0.757608 -0.151343 -0.634922
-0.789501 -0.267460 -0.552407
-0.789501 -0.267460 -0.552407
-0.751105 -0.310371 -0.582675
-0.667951 -0.292316 -0.684393
-0.651168 0.541678 -0.531569
-0.748609 0.430293 -0.504413
-0.751972 0.425660 -0.503341
-0.751972 0.425660 -0.503341
-0.641945 0.549855 -0.534385
-0.651168 0.541678 -0.531569
-0.690440 -0.395849 -0.605472
-0.557396 -0.464856 -0.687909
-0.583321 -0.467728 -0.664053
-0.583321 -0.467728 -0.664053
-0.655937 -0.439739 -0.613496
-0.690440 -0.395849 -0.605472
-0.976178 -0.020275 0.216022
-0.986206 -0.002302 0.165509
-0.951778 -0.219779 0.214049
-0.951778 -0.219779 0.214049
-0.930171 -0.261568 0.257613
-0.976178 -0.020275 0.216022
-0.906850 0.239049 0.347101
-0.948093 0.152613 0.278979
-0.950862 0.207833 0.229495
-0.950862 0.207833 0.229495
-0.939681 0.246812 0.236819
-0.906850 0.239049 0.347101
-0.229262 -0.846199 0.481026
-0.281654 -0.890016 0.358528
-0.359897 -0.745186 0.561402
-0.359897 -0.745186 0.561402
-0.354894 -0.713266 0.604402
-0.229262 -0.846199 0.481026
-0.699253 -0.230823 0.676583
-0.663333 0.016014 0.748153
-0.685930 0.030892 0.727011
-0.685930 0.030892 0.727011
-0.733792 -0.246689 0.633004
-0.699253 -0.230823 0.676583
-0.899916 -0.260964 0.349355
-0.976178 -0.020275 0.216022
-0.930171 -0.261568 0.257613
-0.930171 -0.261568 0.257613
-0.907592 -0.263701 0.326710
-0.899916 -0.260964 0.349355
-0.874229 0.293736 0.386579
-0.906850 0.239049 0.347101
-0.939681 0.246812 0.236819
-0.939681 0.246812 0.236819
-0.976178 -0.020275 0.216022
-0.874229 0.293736 0.386579
-0.685930 0.030892 0.727011
-0.663333 0.016014 0.748153
-0.742446 0.238273 0.626099
-0.742446 0.238273 0.626099
-0.746566 0.324734 0.580678
-0.685930 0.030892 0.727011
-0.303213 -0.141746 -0.942322
-0.257512 -0.174541 -0.950380
-0.297061 -0.110519 -0.948441
-0.303213 -0.141746 -0.942322
-0.297061 -0.110519 -0.948441
-0.349345 -0.167774 -0.921852
-0.303213 -0.141746 -0.942322
-0.349345 -0.167774 -0.921852
-0.310419 -0.182888 -0.932841
-0.254026 -0.119398 -0.959799
-0.303213 -0.141746 -0.942322
-0.310419 -0.182888 -0.932841
-0.039245 -0.942305 0.332447
-0.217793 -0.969334 0.113836
-0.159624 -0.967846 0.194410
-0.159624 -0.967846 0.194410
-0.036745 -0.943024 0.330690
-0.039245 -0.942305 0.332447
-0.175336 0.067731 0.982176
-0.186127 0.066480 0.980274
-0.177110 -0.072435 0.981522
-0.177110 -0.072435 0.981522
-0.166154 -0.088148 0.982152
-0.175336 0.067731 0.982176
-0.175336 0.067731 0.982176
-0.167449 0.221296 0.960723
-0.179262 0.203788 0.962463
-0.179262 0.203788 0.962463
-0.186127 0.066480 0.980274
-0.175336 0.067731 0.982176
-0.114373 0.914856 0.387242
-0.188029 0.879701 0.436773
-0.149794 0.930266 0.334913
-0.149794 0.930266 0.334913
-0.147573 0.940923 0.304771
-0.114373 0.914856 0.387242
0.352029 0.459371 -0.815508
0.352029 0.459371 -0.815508
0.352029 0.459371 -0.815508
0.707097 -0.394677 -0.586723
0.002777 -0.687133 -0.726527
0.215977 -0.643366 -0.734462
0.707097 -0.394677 -0.586723
0.215977 -0.643366 -0.734462
0.744768 -0.362448 -0.560314
0.707097 -0.394677 -0.586723
0.744768 -0.362448 -0.560314
0.746316 -0.367455 -0.554967
-0.217793 -0.969334 0.113836
-0.288565 -0.957074 -0.027183
-0.299186 -0.953845 -0.025848
-0.299186 -0.953845 -0.025848
-0.159624 -0.967846 0.194410
-0.217793 -0.969334 0.113836
-0.865006 -0.009277 0.501676
-0.918156 0.016303 0.395883
-0.889480 -0.165530 0.425941
-0.889480 -0.165530 0.425941
-0.874911 -0.113642 0.470761
-0.865006 -0.009277 0.501676
-0.834985 0.144824 0.530873
-0.901954 0.140945 0.408184
-0.918156 0.016303 0.395883
-0.918156 0.016303 0.395883
-0.865006 -0.009277 0.501676
-0.834985 0.144824 0.530873
-0.149794 0.930266 0.334913
-0.207084 0.931858 0.297922
-0.200046 0.937273 0.285484
-0.200046 0.937273 0.285484
-0.147573 0.940923 0.304771
-0.149794 0.930266 0.334913
0.854586 0.290908 -0.430180
0.602492 0.503297 -0.619432
0.811887 0.330665 -0.481144
0.811887 0.330665 -0.481144
0.800587 0.226419 -0.554793
0.854586 0.290908 -0.430180
-0.808235 -0.131251 -0.574047
-0.772094 0.003548 -0.635498
-0.586209 -0.026614 -0.809722
-0.586209 -0.026614 -0.809722
-0.505898 -0.082803 -0.858610
-0.808235 -0.131251 -0.574047
-0.445136 0.880374 0.163692
-0.435456 0.885458 0.162302
-0.502132 0.847590 0.171624
-0.502132 0.847590 0.171624
-0.511564 0.841671 0.172893
-0.445136 0.880374 0.163692
0.954411 0.025536 -0.297400
0.944043 -0.157876 -0.289583
0.948164 -0.004214 -0.317753
0.948164 -0.004214 -0.317753
0.919957 0.214483 -0.328141
0.954411 0.025536 -0.297400
0.427474 -0.895411 -0.124523
0.412160 -0.903540 -0.117217
0.553041 -0.812217 -0.185604
0.553041 -0.812217 -0.185604
0.564570 -0.802903 -0.191331
0.427474 -0.895411 -0.124523
-0.942357 -0.045022 0.331565
-0.932038 -0.102674 0.347511
-0.898197 -0.286499 0.333407
-0.898197 -0.286499 0.333407
-0.937879 -0.157619 0.309094
-0.942357 -0.045022 0.331565
-0.037284 -0.754559 0.655172
-0.269732 -0.742199 0.613503
-0.196261 -0.750761 0.630746
-0.196261 -0.750761 0.630746
0.038962 -0.749495 0.660863
-0.037284 -0.754559 0.655172
-0.918156 0.016303 0.395883
-0.937971 -0.072418 0.339067
-0.872336 -0.224327 0.434404
-0.872336 -0.224327 0.434404
-0.889480 -0.165530 0.425941
-0.918156 0.016303 0.395883
-0.901954 0.140945 0.408184
-0.963487 0.259973 0.064084
-0.937971 -0.072418 0.339067
-0.937971 -0.072418 0.339067
-0.918156 0.016303 0.395883
-0.901954 0.140945 0.408184
-0.450968 0.773709 -0.444974
-0.417280 0.775865 -0.473192
-0.427277 0.775387 -0.464984
-0.427277 0.775387 -0.464984
-0.459242 0.772938 -0.437794
-0.450968 0.773709 -0.444974
0.759171 0.352784 -0.546995
0.822039 0.305105 -0.480793
0.811887 0.330665 -0.481144
0.811887 0.330665 -0.481144
0.602492 0.503297 -0.619432
0.759171 0.352784 -0.546995
0.965302 -0.260901 0.011109
0.946438 -0.298430 0.123268
0.970139 -0.234583 -0.061658
0.970139 -0.234583 -0.061658
0.969278 -0.207850 -0.131528
0.965302 -0.260901 0.011109
0.526912 0.074444 0.846653
0.337952 0.086151 0.937212
0.405295 -0.229919 0.884801
0.405295 -0.229919 0.884801
0.586447 -0.245164 0.771994
0.526912 0.074444 0.846653
-0.008111 -0.008827 0.999928
-0.000741 0.252126 0.967694
-0.337562 0.240817 0.909978
-0.008111 -0.008827 0.999928
-0.337562 0.240817 0.909978
-0.316918 0.236497 0.918494
-0.298700 0.027841 0.953941
-0.008111 -0.008827 0.999928
-0.316918 0.236497 0.918494
-0.337562 0.240817 0.909978
-0.680170 0.314586 0.662121
-0.667979 0.286842 0.686677
-0.667979 0.286842 0.686677
-0.316918 0.236497 0.918494
-0.337562 0.240817 0.909978
-0.968402 0.248921 0.015375
-0.977471 0.174189 0.119198
-0.883387 0.158014 0.441202
-0.680170 0.314586 0.662121
-0.968402 0.248921 0.015375
-0.883387 0.158014 0.441202
-0.667979 0.286842 0.686677
-0.680170 0.314586 0.662121
-0.883387 0.158014 0.441202
-0.883387 0.158014 0.441202
-0.977471 0.174189 0.119198
-0.998879 -0.037815 0.028487
-0.998879 -0.037815 0.028487
-0.977917 -0.069520 0.197094
-0.883387 0.158014 0.441202
-0.974762 0.216728 0.053556
-0.974376 0.218465 0.053529
-0.974530 0.217771 0.053540
-0.977917 -0.069520 0.197094
-0.998879 -0.037815 0.028487
-0.936483 -0.348292 0.041149
-0.950392 -0.264926 0.163000
-0.977917 -0.069520 0.197094
-0.936483 -0.348292 0.041149
-0.936483 -0.348292 0.041149
-0.938573 -0.212140 0.272173
-0.529312 -0.263855 0.806355
-0.950392 -0.264926 0.163000
-0.936483 -0.348292 0.041149
-0.529312 -0.263855 0.806355
-0.886844 -0.217883 0.407475
-0.914961 -0.264532 0.304743
-0.918243 -0.212018 0.334481
-0.918243 -0.212018 0.334481
-0.900957 -0.184110 0.392911
-0.886844 -0.217883 0.407475
-0.703288 -0.311302 0.639122
-0.409296 -0.347631 0.843581
-0.569317 -0.336373 0.750154
-0.569317 -0.336373 0.750154
-0.801584 -0.277292 0.529690
-0.703288 -0.311302 0.639122
0.959492 0.014833 0.281346
0.963539 0.000596 0.267567
0.973332 0.011758 0.229098
0.973332 0.011758 0.229098
0.942717 -0.053174 0.329330
0.959492 0.014833 0.281346
0.963539 0.000596 0.267567
0.850960 -0.226051 0.474097
0.949887 -0.100035 0.296154
0.949887 -0.100035 0.296154
0.973332 0.011758 0.229098
0.963539 0.000596 0.267567
0.100245 0.991836 -0.078818
0.059368 0.987327 0.147179
0.055323 0.996271 0.066210
0.100245 0.991836 -0.078818
0.055323 0.996271 0.066210
0.158949 0.975429 -0.152555
0.100245 0.991836 -0.078818
0.158949 0.975429 -0.152555
0.026754 0.951631 -0.306077
0.100245 0.991836 -0.078818
0.026754 0.951631 -0.306077
-0.226441 0.840831 -0.491658
0.059368 0.987327 0.147179
-0.234878 0.971542 0.030638
-0.169245 0.985515 -0.010812
0.059368 0.987327 0.147179
-0.169245 0.985515 -0.010812
-0.069053 0.994959 -0.072719
0.059368 0.987327 0.147179
-0.069053 0.994959 -0.072719
-0.076708 0.996074 -0.044193
0.059368 0.987327 0.147179
-0.076708 0.996074 -0.044193
-0.083824 0.996458 0.006725
0.059368 0.987327 0.147179
-0.083824 0.996458 0.006725
0.055323 0.996271 0.066210
-0.841974 -0.271811 -0.466046
-0.868865 0.040975 -0.493351
-0.741146 -0.009127 -0.671282
-0.741146 -0.009127 -0.671282
-0.755330 -0.204933 -0.622478
-0.841974 -0.271811 -0.466046
0.337952 0.086151 0.937212
0.421636 0.365967 0.829633
0.243687 0.412930 0.877557
0.243687 0.412930 0.877557
0.232913 0.028581 0.972077
0.337952 0.086151 0.937212
-0.491884 -0.313209 0.812373
-0.625373 -0.333172 0.705623
-0.620783 -0.315923 0.717510
-0.620783 -0.315923 0.717510
-0.517198 -0.295412 0.803267
-0.491884 -0.313209 0.812373
-0.866382 0.450083 0.216350
-0.739802 0.544921 0.394658
-0.774261 0.515918 0.366535
-0.774261 0.515918 0.366535
-0.872014 0.420929 0.249818
-0.866382 0.450083 0.216350
0.289517 -0.859892 -0.420435
0.461447 -0.686748 -0.561644
0.514980 -0.815908 -0.262851
0.514980 -0.815908 -0.262851
0.455181 -0.871363 -0.183132
0.289517 -0.859892 -0.420435
0.627162 -0.778609 -0.020911
0.678731 -0.733075 0.043884
0.495664 -0.858819 -0.129410
0.423045 -0.904534 -0.053398
0.627162 -0.778609 -0.020911
0.495664 -0.858819 -0.129410
0.423045 -0.904534 -0.053398
0.495664 -0.858819 -0.129410
0.403006 -0.882229 -0.243429
0.423045 -0.904534 -0.053398
0.403006 -0.882229 -0.243429
0.229099 -0.933066 -0.277310
0.229099 -0.933066 -0.277310
0.289517 -0.859892 -0.420435
0.455181 -0.871363 -0.183132
0.423045 -0.904534 -0.053398
0.229099 -0.933066 -0.277310
0.455181 -0.871363 -0.183132
0.336591 -0.888516 -0.311844
0.001680 -0.839031 -0.544081
0.024236 -0.906355 -0.421822
0.024236 -0.906355 -0.421822
0.312185 -0.947333 -0.071420
0.336591 -0.888516 -0.311844
0.024236 -0.906355 -0.421822
-0.013407 -0.918792 -0.394515
0.289517 -0.859892 -0.420435
0.289517 -0.859892 -0.420435
0.229099 -0.933066 -0.277310
-0.040341 -0.883478 -0.466734
0.289517 -0.859892 -0.420435
-0.040341 -0.883478 -0.466734
0.500445 -0.865370 0.026248
0.024236 -0.906355 -0.421822
0.289517 -0.859892 -0.420435
0.500445 -0.865370 0.026248
0.312185 -0.947333 -0.071420
0.024236 -0.906355 -0.421822
0.500445 -0.865370 0.026248
0.337952 0.086151 0.937212
0.232913 0.028581 0.972077
0.250887 -0.228525 0.940655
0.250887 -0.228525 0.940655
0.405295 -0.229919 0.884801
0.337952 0.086151 0.937212
0.526912 0.074444 0.846653
0.555423 0.368270 0.745575
0.421636 0.365967 0.829633
0.421636 0.365967 0.829633
0.337952 0.086151 0.937212
0.526912 0.074444 0.846653
0.011011 -0.933876 -0.357428
0.461447 -0.686748 -0.561644
0.289517 -0.859892 -0.420435
0.289517 -0.859892 -0.420435
-0.013407 -0.918792 -0.394515
0.011011 -0.933876 -0.357428
-0.859032 -0.297167 0.416840
-0.953401 -0.233916 0.190551
-0.938290 -0.262664 0.224989
-0.938290 -0.262664 0.224989
-0.842833 -0.304278 0.443899
-0.859032 -0.297167 0.416840
-0.739802 0.544921 0.394658
-0.519290 0.589878 0.618370
-0.501496 0.604637 0.618802
-0.501496 0.604637 0.618802
-0.774261 0.515918 0.366535
-0.739802 0.544921 0.394658
0.674819 -0.724423 0.140825
0.627162 -0.778609 -0.020911
0.423045 -0.904534 -0.053398
0.423045 -0.904534 -0.053398
0.336884 -0.940696 -0.040008
0.674819 -0.724423 0.140825
-0.839278 0.370834 -0.397611
-0.834606 0.326970 -0.443311
-0.868865 0.040975 -0.493351
-0.868865 0.040975 -0.493351
-0.912540 0.039613 -0.407064
-0.839278 0.370834 -0.397611
-0.974530 0.217771 0.053540
-0.974774 0.216676 0.053557
-0.974762 0.216728 0.053556
-0.667613 0.103060 -0.737341
-0.467974 0.093138 -0.878821
-0.937746 -0.198700 -0.284869
-0.667613 0.103060 -0.737341
-0.937746 -0.198700 -0.284869
-0.888181 -0.227290 -0.399342
-0.667613 0.103060 -0.737341
-0.888181 -0.227290 -0.399342
-0.556472 -0.142634 -0.818532
-0.667613 0.103060 -0.737341
-0.556472 -0.142634 -0.818532
-0.741146 -0.009127 -0.671282
-0.741146 -0.009127 -0.671282
-0.556472 -0.142634 -0.818532
-0.514791 -0.140672 -0.845696
-0.741146 -0.009127 -0.671282
-0.514791 -0.140672 -0.845696
-0.539960 -0.109744 -0.834506
-0.741146 -0.009127 -0.671282
-0.539960 -0.109744 -0.834506
-0.755330 -0.204933 -0.622478
-0.857558 -0.279635 -0.431738
-0.912540 0.039613 -0.407064
-0.868865 0.040975 -0.493351
-0.868865 0.040975 -0.493351
-0.841974 -0.271811 -0.466046
-0.857558 -0.279635 -0.431738
0.692662 -0.721262 -0.000260
0.495664 -0.858819 -0.129410
0.678731 -0.733075 0.043884
0.678731 -0.733075 0.043884
0.806982 -0.537574 0.244529
0.692662 -0.721262 -0.000260
-0.834606 0.326970 -0.443311
-0.667613 0.103060 -0.737341
-0.741146 -0.009127 -0.671282
-0.741146 -0.009127 -0.671282
-0.868865 0.040975 -0.493351
-0.834606 0.326970 -0.443311
-0.589849 -0.677683 0.439116
-0.120322 -0.630849 0.766520
-0.318305 -0.575260 0.753497
-0.589849 -0.677683 0.439116
-0.318305 -0.575260 0.753497
-0.936483 -0.348292 0.041149
-0.403299 -0.910862 -0.087632
-0.825422 -0.451066 -0.339437
-0.845082 -0.390464 -0.365205
-0.936483 -0.348292 0.041149
-0.403299 -0.910862 -0.087632
-0.845082 -0.390464 -0.365205
-0.936483 -0.348292 0.041149
-0.845082 -0.390464 -0.365205
-0.783500 -0.620536 -0.032601
-0.589849 -0.677683 0.439116
-0.936483 -0.348292 0.041149
-0.783500 -0.620536 -0.032601
-0.589849 -0.677683 0.439116
-0.783500 -0.620536 -0.032601
-0.483636 -0.871029 0.086050
-0.483636 -0.871029 0.086050
-0.777532 -0.622277 0.090632
-0.589849 -0.677683 0.439116
-0.744582 -0.497736 -0.444810
-0.829517 -0.203970 -0.519901
-0.802153 -0.336820 -0.493054
-0.802153 -0.336820 -0.493054
-0.465887 -0.851447 -0.240806
-0.744582 -0.497736 -0.444810
-0.461032 -0.141510 -0.876028
-0.395892 -0.094102 -0.913463
-0.199888 0.319575 -0.926238
-0.199888 0.319575 -0.926238
-0.324057 -0.126236 -0.937578
-0.461032 -0.141510 -0.876028
-0.290611 -0.522746 0.801425
-0.043514 -0.728040 0.684152
-0.268364 -0.606930 0.748075
-0.268364 -0.606930 0.748075
-0.287036 -0.481452 0.828139
-0.290611 -0.522746 0.801425
-0.199888 0.319575 -0.926238
-0.177041 -0.074884 -0.981351
-0.000530 -0.108585 -0.994087
-0.199888 0.319575 -0.926238
-0.000530 -0.108585 -0.994087
-0.014790 -0.115848 -0.993157
-0.199888 0.319575 -0.926238
-0.014790 -0.115848 -0.993157
-0.324057 -0.126236 -0.937578
-0.409296 -0.347631 0.843581
-0.443131 -0.284854 0.849996
-0.142335 -0.244954 0.959030
-0.409296 -0.347631 0.843581
-0.142335 -0.244954 0.959030
0.230216 -0.496236 0.837108
-0.409296 -0.347631 0.843581
0.230216 -0.496236 0.837108
-0.569317 -0.336373 0.750154
-0.703288 -0.311302 0.639122
-0.801584 -0.277292 0.529690
-0.914961 -0.264532 0.304743
-0.914961 -0.264532 0.304743
-0.886844 -0.217883 0.407475
-0.703288 -0.311302 0.639122
0.423045 -0.904534 -0.053398
0.455181 -0.871363 -0.183132
0.514980 -0.815908 -0.262851
0.514980 -0.815908 -0.262851
0.336884 -0.940696 -0.040008
0.423045 -0.904534 -0.053398
0.678731 -0.733075 0.043884
0.627162 -0.778609 -0.020911
0.674819 -0.724423 0.140825
0.674819 -0.724423 0.140825
0.806982 -0.537574 0.244529
0.678731 -0.733075 0.043884
0.001680 -0.839031 -0.544081
0.011011 -0.933876 -0.357428
-0.013407 -0.918792 -0.394515
-0.013407 -0.918792 -0.394515
0.024236 -0.906355 -0.421822
0.001680 -0.839031 -0.544081
0.312185 -0.947333 -0.071420
0.500445 -0.865370 0.026248
0.729785 -0.683304 0.022584
0.729785 -0.683304 0.022584
0.336591 -0.888516 -0.311844
0.312185 -0.947333 -0.071420
-0.938573 -0.212140 0.272173
-0.900957 -0.184110 0.392911
-0.918243 -0.212018 0.334481
-0.918243 -0.212018 0.334481
-0.529312 -0.263855 0.806355
-0.938573 -0.212140 0.272173
-0.998879 -0.037815 0.028487
-0.977471 0.174189 0.119198
-0.912517 0.221256 -0.344034
-0.912517 0.221256 -0.344034
-0.955950 -0.009702 -0.293369
-0.998879 -0.037815 0.028487
-0.403299 -0.910862 -0.087632
-0.936483 -0.348292 0.041149
-0.998879 -0.037815 0.028487
-0.998879 -0.037815 0.028487
-0.955950 -0.009702 -0.293369
-0.403299 -0.910862 -0.087632
-0.664039 -0.702608 0.255724
-0.683729 -0.678621 0.268304
-0.542243 -0.820425 0.181317
-0.542243 -0.820425 0.181317
-0.512377 -0.842999 0.163776
-0.664039 -0.702608 0.255724
-0.179677 -0.418822 -0.890115
-0.542231 -0.430567 -0.721524
-0.440958 -0.265041 -0.857502
-0.440958 -0.265041 -0.857502
-0.191391 -0.318587 -0.928371
-0.179677 -0.418822 -0.890115
0.757573 0.603797 -0.248019
0.786689 0.565077 -0.248614
0.587692 0.773758 -0.236469
0.587692 0.773758 -0.236469
0.547860 0.803663 -0.232325
0.757573 0.603797 -0.248019
0.944043 -0.157876 -0.289583
0.918144 -0.277812 -0.282546
0.928320 -0.224668 -0.296220
0.928320 -0.224668 -0.296220
0.948164 -0.004214 -0.317753
0.944043 -0.157876 -0.289583
-0.934690 0.091076 0.343597
-0.934597 0.085153 0.345366
-0.932038 -0.102674 0.347511
-0.932038 -0.102674 0.347511
-0.942357 -0.045022 0.331565
-0.934690 0.091076 0.343597
0.285648 -0.060958 -0.956394
-0.017184 -0.061439 -0.997963
0.072338 0.084575 -0.993788
0.072338 0.084575 -0.993788
0.129834 0.213930 -0.968182
0.285648 -0.060958 -0.956394
-0.191391 -0.318587 -0.928371
-0.043286 -0.186388 -0.981522
0.027205 -0.290859 -0.956379
0.027205 -0.290859 -0.956379
-0.179677 -0.418822 -0.890115
-0.191391 -0.318587 -0.928371
-0.440958 -0.265041 -0.857502
-0.505898 -0.082803 -0.858610
-0.586209 -0.026614 -0.809722
-0.440958 -0.265041 -0.857502
-0.586209 -0.026614 -0.809722
0.022031 0.143774 -0.989365
-0.191391 -0.318587 -0.928371
-0.440958 -0.265041 -0.857502
0.022031 0.143774 -0.989365
-0.191391 -0.318587 -0.928371
0.022031 0.143774 -0.989365
0.072338 0.084575 -0.993788
0.072338 0.084575 -0.993788
-0.017184 -0.061439 -0.997963
-0.043286 -0.186388 -0.981522
-0.191391 -0.318587 -0.928371
0.072338 0.084575 -0.993788
-0.043286 -0.186388 -0.981522
-0.808235 -0.131251 -0.574047
-0.505898 -0.082803 -0.858610
-0.440958 -0.265041 -0.857502
-0.440958 -0.265041 -0.857502
-0.542231 -0.430567 -0.721524
-0.808235 -0.131251 -0.574047
-0.488312 0.396428 -0.777430
-0.528529 0.227644 -0.817823
-0.503860 0.339952 -0.794076
-0.503860 0.339952 -0.794076
-0.464244 0.470916 -0.750144
-0.488312 0.396428 -0.777430
0.072338 0.084575 -0.993788
0.022031 0.143774 -0.989365
0.159053 0.338895 -0.927282
0.159053 0.338895 -0.927282
0.129834 0.213930 -0.968182
0.072338 0.084575 -0.993788
-0.043286 -0.186388 -0.981522
-0.017184 -0.061439 -0.997963
0.285648 -0.060958 -0.956394
0.285648 -0.060958 -0.956394
0.027205 -0.290859 -0.956379
-0.043286 -0.186388 -0.981522
-0.378971 -0.473752 -0.794946
-0.378985 -0.476023 -0.793582
-0.378864 -0.462475 -0.801610
-0.378864 -0.462475 -0.801610
-0.378805 -0.458060 -0.804169
-0.378971 -0.473752 -0.794946
-0.634049 -0.158330 -0.756911
-0.636805 -0.160040 -0.754232
-0.601006 -0.110601 -0.791555
-0.601006 -0.110601 -0.791555
-0.613678 -0.120967 -0.780235
-0.634049 -0.158330 -0.756911
-0.613678 -0.120967 -0.780235
-0.601006 -0.110601 -0.791555
-0.673732 -0.083115 -0.734287
-0.673732 -0.083115 -0.734287
-0.711297 -0.078979 -0.698441
-0.613678 -0.120967 -0.780235
-0.333034 0.182995 -0.924987
-0.324071 0.172490 -0.930175
-0.344370 0.196345 -0.918073
-0.344370 0.196345 -0.918073
-0.359842 0.214689 -0.907977
-0.333034 0.182995 -0.924987
0.141905 0.045777 -0.988821
0.148218 0.050229 -0.987678
0.127941 -0.109303 -0.985740
0.127941 -0.109303 -0.985740
0.128237 -0.165356 -0.977861
0.141905 0.045777 -0.988821
0.128237 -0.165356 -0.977861
0.127941 -0.109303 -0.985740
0.070619 -0.286082 -0.955599
0.070619 -0.286082 -0.955599
0.035283 -0.282840 -0.958518
0.128237 -0.165356 -0.977861
-0.000181 -0.475908 0.879495
-0.290611 -0.522746 0.801425
-0.287036 -0.481452 0.828139
-0.287036 -0.481452 0.828139
0.000023 -0.503935 0.863742
-0.000181 -0.475908 0.879495
-0.136549 -0.960361 0.243025
0.040350 -0.951095 0.306253
0.052368 -0.993556 0.100522
-0.136549 -0.960361 0.243025
0.052368 -0.993556 0.100522
0.012058 -0.947290 0.320150
-0.264911 -0.945956 0.187053
-0.136549 -0.960361 0.243025
0.012058 -0.947290 0.320150
0.000000 0.125026 -0.992153
-0.400664 0.114552 -0.909036
0.000000 0.125026 -0.992153
-0.177041 -0.074884 -0.981351
-0.199888 0.319575 -0.926238
-0.395892 -0.094102 -0.913463
-0.395892 -0.094102 -0.913463
-0.475887 -0.081701 -0.875703
-0.362271 -0.132090 -0.922666
-0.177041 -0.074884 -0.981351
-0.395892 -0.094102 -0.913463
-0.362271 -0.132090 -0.922666
-0.000530 -0.108585 -0.994087
-0.177041 -0.074884 -0.981351
-0.362271 -0.132090 -0.922666
-0.000530 -0.108585 -0.994087
-0.362271 -0.132090 -0.922666
-0.225774 -0.128499 -0.965668
-0.000530 -0.108585 -0.994087
-0.225774 -0.128499 -0.965668
0.000000 -0.131904 -0.991262
0.000000 -0.749697 0.661781
-0.333246 -0.708430 0.622153
-0.359897 -0.745186 0.561402
-0.359897 -0.745186 0.561402
0.000000 -0.868819 0.495131
0.000000 -0.749697 0.661781
-0.496408 0.409398 -0.765489
-0.539673 0.642198 -0.544367
0.000000 0.763043 -0.646348
0.000000 0.763043 -0.646348
0.000000 0.527039 -0.849841
-0.496408 0.409398 -0.765489
-0.222841 0.897919 0.379582
-0.291750 0.813724 0.502727
0.001927 0.892880 0.450291
0.001927 0.892880 0.450291
0.000000 0.949308 0.314346
-0.222841 0.897919 0.379582
-0.487638 0.809470 0.327060
-0.485695 0.763210 0.426158
-0.330134 0.844731 0.421237
-0.330134 0.844731 0.421237
-0.360877 0.871094 0.333111
-0.487638 0.809470 0.327060
-0.507898 0.738351 -0.443709
-0.469216 0.749434 -0.467103
-0.464301 0.771766 -0.434513
-0.464301 0.771766 -0.434513
-0.509803 0.758911 -0.405160
-0.507898 0.738351 -0.443709
-0.178509 -0.177739 -0.967752
0.000000 -0.173946 -0.984755
-0.000000 -0.135405 -0.990790
-0.753968 -0.286808 -0.590994
-0.178509 -0.177739 -0.967752
-0.000000 -0.135405 -0.990790
-0.201246 -0.118495 -0.972347
-0.753968 -0.286808 -0.590994
-0.000000 -0.135405 -0.990790
-0.440752 0.671386 -0.595801
-0.812044 0.555464 -0.179011
0.000000 0.537081 -0.843531
0.000000 0.537081 -0.843531
0.000000 0.527039 -0.849841
0.496408 0.409398 -0.765489
0.000000 0.537081 -0.843531
0.496408 0.409398 -0.765489
0.550406 0.476420 -0.685622
-0.440752 0.671386 -0.595801
0.000000 0.537081 -0.843531
0.550406 0.476420 -0.685622
0.691634 0.453080 -0.562459
-0.440752 0.671386 -0.595801
0.550406 0.476420 -0.685622
0.333699 -0.006430 0.942658
-0.008111 -0.008827 0.999928
0.000000 -0.290985 0.956728
0.142335 -0.244954 0.959030
0.333699 -0.006430 0.942658
0.000000 -0.290985 0.956728
0.443131 -0.284854 0.849996
0.142335 -0.244954 0.959030
0.000000 -0.290985 0.956728
0.501496 0.604637 0.618802
0.288476 0.664001 0.689843
0.339355 0.633831 0.695051
0.339355 0.633831 0.695051
0.519290 0.589878 0.618370
0.501496 0.604637 0.618802
-0.000425 0.883492 -0.468447
-0.000000 0.894381 -0.447306
0.425013 0.801828 -0.420043
0.425013 0.801828 -0.420043
0.464526 0.770863 -0.435874
-0.000425 0.883492 -0.468447
0.003532 0.891449 0.453107
-0.000000 0.794516 0.607243
0.234127 0.796531 0.557425
0.234127 0.796531 0.557425
0.332632 0.844585 0.419562
0.003532 0.891449 0.453107
0.884102 0.250744 -0.394324
0.723274 0.537129 -0.434013
0.893537 0.234788 -0.382709
0.893537 0.234788 -0.382709
0.894130 0.259357 -0.365055
0.884102 0.250744 -0.394324
0.825422 -0.451066 -0.339437
0.946254 0.002397 -0.323415
0.956070 -0.010316 -0.292955
0.956070 -0.010316 -0.292955
0.403299 -0.910863 -0.087632
0.825422 -0.451066 -0.339437
0.620783 -0.315923 0.717510
0.842833 -0.304278 0.443899
0.859032 -0.297167 0.416840
0.859032 -0.297167 0.416840
0.625373 -0.333172 0.705623
0.620783 -0.315923 0.717510
0.475887 -0.081701 -0.875703
0.362271 -0.132090 -0.922666
0.329685 -0.012464 -0.944009
0.329685 -0.012464 -0.944009
0.335389 0.001608 -0.942078
0.475887 -0.081701 -0.875703
0.335389 0.001608 -0.942078
0.329685 -0.012464 -0.944009
0.356473 0.217668 -0.908597
0.356473 0.217668 -0.908597
0.374451 0.194123 -0.906699
0.381563 0.218054 -0.898255
0.356473 0.217668 -0.908597
0.381563 0.218054 -0.898255
0.381563 0.218054 -0.898255
0.335389 0.001608 -0.942078
0.356473 0.217668 -0.908597
0.381563 0.218054 -0.898255
0.374451 0.194123 -0.906699
0.356473 0.217668 -0.908597
0.346695 0.247672 -0.904688
0.374451 0.194123 -0.906699
0.346695 0.247672 -0.904688
0.371783 0.169426 -0.912728
0.371783 0.169426 -0.912728
0.000000 0.124276 -0.992248
-0.000000 0.124276 -0.992248
0.371783 0.169426 -0.912728
-0.000000 0.124276 -0.992248
0.387673 0.114557 -0.914651
0.371783 0.169426 -0.912728
0.387673 0.114557 -0.914651
0.387673 0.114557 -0.914651
0.374451 0.194123 -0.906699
0.371783 0.169426 -0.912728
0.387673 0.114557 -0.914651
0.907592 -0.263701 0.326710
0.899916 -0.260964 0.349355
0.733792 -0.246689 0.633004
0.733792 -0.246689 0.633004
0.699254 -0.230823 0.676583
0.907592 -0.263701 0.326710
0.742446 0.238273 0.626099
0.746566 0.324734 0.580678
0.874229 0.293736 0.386579
0.874229 0.293736 0.386579
0.906850 0.239049 0.347101
0.742446 0.238273 0.626099
0.292919 0.780210 0.552694
0.279251 0.812246 0.512128
0.405046 0.734949 0.543863
0.405046 0.734949 0.543863
0.416747 0.686383 0.595987
0.292919 0.780210 0.552694
0.066351 0.842243 0.535000
0.086548 0.843979 0.529348
-0.000000 0.835225 0.549909
0.667951 -0.292316 -0.684393
0.751106 -0.310371 -0.582675
0.676079 -0.271951 -0.684806
0.676079 -0.271951 -0.684806
0.646982 -0.249225 -0.720626
0.667951 -0.292316 -0.684393
0.751972 0.425660 -0.503341
0.748609 0.430293 -0.504413
0.651168 0.541678 -0.531569
0.651168 0.541678 -0.531569
0.641945 0.549855 -0.534385
0.751972 0.425660 -0.503341
0.583321 -0.467728 -0.664053
0.565216 -0.488889 -0.664469
0.692292 -0.383798 -0.611090
0.692292 -0.383798 -0.611090
0.655937 -0.439739 -0.613496
0.583321 -0.467728 -0.664053
0.976178 -0.020275 0.216022
0.930171 -0.261568 0.257613
0.951778 -0.219779 0.214049
0.951778 -0.219779 0.214049
0.986206 -0.002302 0.165509
0.976178 -0.020275 0.216022
0.906850 0.239049 0.347101
0.939681 0.246812 0.236819
0.950862 0.207832 0.229495
0.950862 0.207832 0.229495
0.948093 0.152613 0.278979
0.906850 0.239049 0.347101
0.359897 -0.745186 0.561402
0.281654 -0.890016 0.358528
0.229262 -0.846199 0.481026
0.229262 -0.846199 0.481026
0.354894 -0.713266 0.604402
0.359897 -0.745186 0.561402
0.699254 -0.230823 0.676583
0.733792 -0.246689 0.633004
0.685931 0.030892 0.727011
0.685931 0.030892 0.727011
0.663333 0.016014 0.748153
0.699254 -0.230823 0.676583
0.899916 -0.260964 0.349355
0.907592 -0.263701 0.326710
0.930171 -0.261568 0.257613
0.930171 -0.261568 0.257613
0.976178 -0.020275 0.216022
0.899916 -0.260964 0.349355
0.874229 0.293736 0.386579
0.976178 -0.020275 0.216022
0.939681 0.246812 0.236819
0.939681 0.246812 0.236819
0.906850 0.239049 0.347101
0.874229 0.293736 0.386579
0.685931 0.030892 0.727011
0.746566 0.324734 0.580678
0.742446 0.238273 0.626099
0.742446 0.238273 0.626099
0.663333 0.016014 0.748153
0.685931 0.030892 0.727011
0.297061 -0.110519 -0.948441
0.257512 -0.174541 -0.950380
0.303213 -0.141746 -0.942322
0.349345 -0.167774 -0.921852
0.297061 -0.110519 -0.948441
0.303213 -0.141746 -0.942322
0.310420 -0.182888 -0.932841
0.349345 -0.167774 -0.921852
0.303213 -0.141746 -0.942322
0.254026 -0.119398 -0.959799
0.310420 -0.182888 -0.932841
0.303213 -0.141746 -0.942322
0.039245 -0.942305 0.332447
0.036745 -0.943024 0.330690
0.159623 -0.967846 0.194410
0.159623 -0.967846 0.194410
0.217793 -0.969334 0.113836
0.039245 -0.942305 0.332447
0.175336 0.067731 0.982176
0.166154 -0.088148 0.982152
0.177109 -0.072435 0.981522
0.177109 -0.072435 0.981522
0.186127 0.066480 0.980274
0.175336 0.067731 0.982176
0.175336 0.067731 0.982176
0.186127 0.066480 0.980274
0.179262 0.203788 0.962463
0.179262 0.203788 0.962463
0.167449 0.221296 0.960723
0.175336 0.067731 0.982176
0.114373 0.914856 0.387242
0.147573 0.940923 0.304771
0.149794 0.930266 0.334913
0.149794 0.930266 0.334913
0.188029 0.879701 0.436773
0.114373 0.914856 0.387242
-0.352029 0.459371 -0.815508
-0.352029 0.459371 -0.815508
-0.352029 0.459371 -0.815508
-0.707097 -0.394677 -0.586723
-0.746316 -0.367455 -0.554967
-0.744768 -0.362448 -0.560314
-0.707097 -0.394677 -0.586723
-0.744768 -0.362448 -0.560314
-0.215977 -0.643366 -0.734462
-0.707097 -0.394677 -0.586723
-0.215977 -0.643366 -0.734462
-0.002777 -0.687133 -0.726526
0.217793 -0.969334 0.113836
0.159623 -0.967846 0.194410
0.299186 -0.953845 -0.025848
0.299186 -0.953845 -0.025848
0.288565 -0.957074 -0.027183
0.217793 -0.969334 0.113836
0.865006 -0.009277 0.501676
0.874911 -0.113642 0.470761
0.889480 -0.165530 0.425941
0.889480 -0.165530 0.425941
0.918156 0.016303 0.395883
0.865006 -0.009277 0.501676
0.834985 0.144824 0.530873
0.865006 -0.009277 0.501676
0.918156 0.016303 0.395883
0.918156 0.016303 0.395883
0.901954 0.140945 0.408184
0.834985 0.144824 0.530873
0.149794 0.930266 0.334913
0.147573 0.940923 0.304771
0.200046 0.937273 0.285484
0.200046 0.937273 0.285484
0.207084 0.931858 0.297922
0.149794 0.930266 0.334913
-0.854586 0.290908 -0.430180
-0.800587 0.226419 -0.554793
-0.811887 0.330665 -0.481144
-0.811887 0.330665 -0.481144
-0.602492 0.503297 -0.619432
-0.854586 0.290908 -0.430180
0.808235 -0.131251 -0.574047
0.505898 -0.082803 -0.858610
0.586209 -0.026614 -0.809722
0.586209 -0.026614 -0.809722
0.772094 0.003548 -0.635498
0.808235 -0.131251 -0.574047
0.445136 0.880374 0.163692
0.511564 0.841671 0.172893
0.502132 0.847590 0.171624
0.502132 0.847590 0.171624
0.435456 0.885458 0.162302
0.445136 0.880374 0.163692
-0.954411 0.025536 -0.297400
-0.919957 0.214483 -0.328141
-0.948164 -0.004214 -0.317753
-0.948164 -0.004214 -0.317753
-0.944043 -0.157876 -0.289583
-0.954411 0.025536 -0.297400
-0.427474 -0.895411 -0.124523
-0.564570 -0.802903 -0.191331
-0.553041 -0.812217 -0.185604
-0.553041 -0.812217 -0.185604
-0.412160 -0.903540 -0.117217
-0.427474 -0.895411 -0.124523
0.942357 -0.045022 0.331565
0.937879 -0.157619 0.309094
0.898197 -0.286499 0.333407
0.898197 -0.286499 0.333407
0.932038 -0.102674 0.347511
0.942357 -0.045022 0.331565
0.037284 -0.754559 0.655172
-0.038962 -0.749495 0.660863
0.196261 -0.750761 0.630746
0.196261 -0.750761 0.630746
0.269732 -0.742199 0.613503
0.037284 -0.754559 0.655172
0.918156 0.016303 0.395883
0.889480 -0.165530 0.425941
0.872337 -0.224327 0.434404
0.872337 -0.224327 0.434404
0.937971 -0.072418 0.339067
0.918156 0.016303 0.395883
0.901954 0.140945 0.408184
0.918156 0.016303 0.395883
0.937971 -0.072418 0.339067
0.937971 -0.072418 0.339067
0.963487 0.259973 0.064084
0.901954 0.140945 0.408184
0.450967 0.773709 -0.444974
0.459242 0.772938 -0.437794
0.427277 0.775387 -0.464984
0.427277 0.775387 -0.464984
0.417280 0.775865 -0.473192
0.450967 0.773709 -0.444974
-0.759171 0.352784 -0.546995
-0.602492 0.503297 -0.619432
-0.811887 0.330665 -0.481144
-0.811887 0.330665 -0.481144
-0.822039 0.305105 -0.480793
-0.759171 0.352784 -0.546995
-0.965302 -0.260901 0.011109
-0.969278 -0.207850 -0.131528
-0.970139 -0.234583 -0.061658
-0.970139 -0.234583 -0.061658
-0.946438 -0.298430 0.123268
-0.965302 -0.260901 0.011109
-0.526912 0.074444 0.846653
-0.586447 -0.245164 0.771994
-0.405295 -0.229919 0.884801
-0.405295 -0.229919 0.884801
-0.337952 0.086151 0.937212
-0.526912 0.074444 0.846653
0.511579 0.324346 0.795667
0.337611 0.240705 0.909989
-0.000741 0.252126 0.967694
0.333699 -0.006430 0.942658
0.511579 0.324346 0.795667
-0.000741 0.252126 0.967694
0.333699 -0.006430 0.942658
-0.000741 0.252126 0.967694
-0.008111 -0.008827 0.999928
0.667979 0.286842 0.686677
0.682487 0.330262 0.652026
0.337611 0.240705 0.909989
0.337611 0.240705 0.909989
0.511579 0.324346 0.795667
0.667979 0.286842 0.686677
0.883387 0.158014 0.441202
0.976708 0.176352 0.122239
0.969760 0.243586 0.015187
0.883387 0.158014 0.441202
0.969760 0.243586 0.015187
0.682487 0.330262 0.652026
0.667979 0.286842 0.686677
0.883387 0.158014 0.441202
0.682487 0.330262 0.652026
0.883387 0.158014 0.441202
0.977917 -0.069520 0.197094
0.998798 -0.039221 0.029395
0.998798 -0.039221 0.029395
0.976708 0.176352 0.122239
0.883387 0.158014 0.441202
0.974762 0.216728 0.053556
0.974530 0.217771 0.053540
0.974376 0.218465 0.053529
0.529312 -0.263855 0.806355
0.938573 -0.212140 0.272173
0.931040 -0.363863 0.027707
0.950392 -0.264926 0.163000
0.529312 -0.263855 0.806355
0.931040 -0.363863 0.027707
0.931040 -0.363863 0.027707
0.998798 -0.039221 0.029395
0.977917 -0.069520 0.197094
0.950392 -0.264926 0.163000
0.931040 -0.363863 0.027707
0.977917 -0.069520 0.197094
0.886844 -0.217883 0.407475
0.900957 -0.184110 0.392911
0.918243 -0.212018 0.334481
0.918243 -0.212018 0.334481
0.914962 -0.264532 0.304743
0.886844 -0.217883 0.407475
0.703288 -0.311302 0.639122
0.801584 -0.277292 0.529690
0.569317 -0.336373 0.750154
0.569317 -0.336373 0.750154
0.409296 -0.347631 0.843581
0.703288 -0.311302 0.639122
-0.959492 0.014833 0.281346
-0.942717 -0.053174 0.329329
-0.973332 0.011758 0.229098
-0.973332 0.011758 0.229098
-0.963539 0.000596 0.267567
-0.959492 0.014833 0.281346
-0.963539 0.000596 0.267567
-0.973332 0.011758 0.229098
-0.949887 -0.100035 0.296154
-0.949887 -0.100035 0.296154
-0.850960 -0.226051 0.474097
-0.963539 0.000596 0.267567
-0.100245 0.991836 -0.078818
0.226441 0.840831 -0.491658
-0.026754 0.951631 -0.306077
-0.100245 0.991836 -0.078818
-0.026754 0.951631 -0.306077
-0.158949 0.975429 -0.152555
-0.100245 0.991836 -0.078818
-0.158949 0.975429 -0.152555
-0.055323 0.996271 0.066210
-0.100245 0.991836 -0.078818
-0.055323 0.996271 0.066210
-0.059368 0.987327 0.147179
-0.059368 0.987327 0.147179
-0.055323 0.996271 0.066210
0.083824 0.996458 0.006725
-0.059368 0.987327 0.147179
0.083824 0.996458 0.006725
0.076708 0.996074 -0.044193
-0.059368 0.987327 0.147179
0.076708 0.996074 -0.044193
0.069053 0.994959 -0.072719
-0.059368 0.987327 0.147179
0.069053 0.994959 -0.072719
0.169245 0.985515 -0.010812
-0.059368 0.987327 0.147179
0.169245 0.985515 -0.010812
0.234877 0.971542 0.030638
0.842890 -0.270127 -0.465368
0.755330 -0.204933 -0.622478
0.743083 -0.009132 -0.669137
0.743083 -0.009132 -0.669137
0.869345 0.040528 -0.492542
0.842890 -0.270127 -0.465368
-0.337952 0.086151 0.937212
-0.232913 0.028581 0.972077
-0.243687 0.412930 0.877557
-0.243687 0.412930 0.877557
-0.421636 0.365967 0.829633
-0.337952 0.086151 0.937212
0.491884 -0.313209 0.812373
0.517198 -0.295412 0.803267
0.620783 -0.315923 0.717510
0.620783 -0.315923 0.717510
0.625373 -0.333172 0.705623
0.491884 -0.313209 0.812373
0.866382 0.450083 0.216350
0.872015 0.420929 0.249819
0.774261 0.515918 0.366535
0.774261 0.515918 0.366535
0.739802 0.544921 0.394658
0.866382 0.450083 0.216350
-0.289517 -0.859892 -0.420435
-0.455181 -0.871363 -0.183132
-0.514980 -0.815908 -0.262851
-0.514980 -0.815908 -0.262851
-0.461447 -0.686748 -0.561644
-0.289517 -0.859892 -0.420435
-0.455181 -0.871363 -0.183132
-0.289517 -0.859892 -0.420435
-0.229099 -0.933066 -0.277310
-0.423045 -0.904534 -0.053398
-0.455181 -0.871363 -0.183132
-0.229099 -0.933066 -0.277310
-0.423045 -0.904534 -0.053398
-0.229099 -0.933066 -0.277310
-0.403006 -0.882229 -0.243429
-0.423045 -0.904534 -0.053398
-0.403006 -0.882229 -0.243429
-0.495664 -0.858819 -0.129410
-0.495664 -0.858819 -0.129410
-0.678731 -0.733075 0.043884
-0.627161 -0.778609 -0.020911
-0.423045 -0.904534 -0.053398
-0.495664 -0.858819 -0.129410
-0.627161 -0.778609 -0.020911
-0.336591 -0.888516 -0.311844
-0.312185 -0.947333 -0.071420
-0.024236 -0.906355 -0.421822
-0.024236 -0.906355 -0.421822
-0.001680 -0.839031 -0.544081
-0.336591 -0.888516 -0.311844
0.040341 -0.883478 -0.466734
-0.229099 -0.933066 -0.277310
-0.289517 -0.859892 -0.420435
-0.500445 -0.865370 0.026248
0.040341 -0.883478 -0.466734
-0.289517 -0.859892 -0.420435
-0.289517 -0.859892 -0.420435
0.013407 -0.918792 -0.394515
-0.024236 -0.906355 -0.421822
-0.500445 -0.865370 0.026248
-0.289517 -0.859892 -0.420435
-0.024236 -0.906355 -0.421822
-0.312185 -0.947333 -0.071420
-0.500445 -0.865370 0.026248
-0.024236 -0.906355 -0.421822
-0.337952 0.086151 0.937212
-0.405295 -0.229919 0.884801
-0.250887 -0.228525 0.940655
-0.250887 -0.228525 0.940655
-0.232913 0.028581 0.972077
-0.337952 0.086151 0.937212
-0.526912 0.074444 0.846653
-0.337952 0.086151 0.937212
-0.421636 0.365967 0.829633
-0.421636 0.365967 0.829633
-0.555423 0.368270 0.745575
-0.526912 0.074444 0.846653
-0.011011 -0.933876 -0.357428
0.013407 -0.918792 -0.394515
-0.289517 -0.859892 -0.420435
-0.289517 -0.859892 -0.420435
-0.461447 -0.686748 -0.561644
-0.011011 -0.933876 -0.357428
0.859032 -0.297167 0.416840
0.842833 -0.304278 0.443899
0.938290 -0.262664 0.224989
0.938290 -0.262664 0.224989
0.953401 -0.233916 0.190551
0.859032 -0.297167 0.416840
0.739802 0.544921 0.394658
0.774261 0.515918 0.366535
0.501496 0.604637 0.618802
0.501496 0.604637 0.618802
0.519290 0.589878 0.618370
0.739802 0.544921 0.394658
-0.674819 -0.724423 0.140825
-0.336884 -0.940696 -0.040008
-0.423045 -0.904534 -0.053398
-0.423045 -0.904534 -0.053398
-0.627161 -0.778609 -0.020911
-0.674819 -0.724423 0.140825
0.839365 0.367836 -0.400204
0.910159 0.039012 -0.412419
0.869345 0.040528 -0.492542
0.869345 0.040528 -0.492542
0.836020 0.324738 -0.442285
0.839365 0.367836 -0.400204
0.974530 0.217771 0.053540
0.974762 0.216728 0.053556
0.974774 0.216676 0.053557
0.667613 0.103060 -0.737341
0.743083 -0.009132 -0.669137
0.556472 -0.142635 -0.818532
0.667613 0.103060 -0.737341
0.556472 -0.142635 -0.818532
0.888181 -0.227290 -0.399342
0.667613 0.103060 -0.737341
0.888181 -0.227290 -0.399342
0.937746 -0.198701 -0.284870
0.667613 0.103060 -0.737341
0.937746 -0.198701 -0.284870
0.467974 0.093138 -0.878821
0.743083 -0.009132 -0.669137
0.755330 -0.204933 -0.622478
0.539960 -0.109744 -0.834506
0.743083 -0.009132 -0.669137
0.539960 -0.109744 -0.834506
0.514791 -0.140672 -0.845696
0.743083 -0.009132 -0.669137
0.514791 -0.140672 -0.845696
0.556472 -0.142635 -0.818532
0.857369 -0.277567 -0.433445
0.842890 -0.270127 -0.465368
0.869345 0.040528 -0.492542
0.869345 0.040528 -0.492542
0.910159 0.039012 -0.412419
0.857369 -0.277567 -0.433445
-0.692662 -0.721262 -0.000260
-0.806982 -0.537574 0.244529
-0.678731 -0.733075 0.043884
-0.678731 -0.733075 0.043884
-0.495664 -0.858819 -0.129410
-0.692662 -0.721262 -0.000260
0.836020 0.324738 -0.442285
0.869345 0.040528 -0.492542
0.743083 -0.009132 -0.669137
0.743083 -0.009132 -0.669137
0.667613 0.103060 -0.737341
0.836020 0.324738 -0.442285
0.820618 -0.443631 -0.360246
0.825422 -0.451066 -0.339437
0.403299 -0.910863 -0.087632
0.820618 -0.443631 -0.360246
0.403299 -0.910863 -0.087632
0.931040 -0.363863 0.027707
0.917470 -0.381083 -0.114122
0.820618 -0.443631 -0.360246
0.931040 -0.363863 0.027707
0.667576 -0.645575 0.370910
0.917470 -0.381083 -0.114122
0.931040 -0.363863 0.027707
0.667576 -0.645575 0.370910
0.931040 -0.363863 0.027707
0.315707 -0.576945 0.753302
0.667576 -0.645575 0.370910
0.315707 -0.576945 0.753302
0.118434 -0.634232 0.764017
0.667576 -0.645575 0.370910
0.118434 -0.634232 0.764017
0.118434 -0.634232 0.764018
0.667576 -0.645575 0.370910
0.777532 -0.622277 0.090631
0.833449 -0.545271 0.089683
0.833449 -0.545271 0.089683
0.917470 -0.381083 -0.114122
0.667576 -0.645575 0.370910
0.382307 -0.923367 0.035149
0.422356 -0.906417 0.004953
0.417038 -0.883884 -0.211728
0.417038 -0.883884 -0.211728
0.357663 -0.920048 -0.159963
0.382307 -0.923367 0.035149
0.876397 -0.283334 -0.389424
0.856938 -0.408982 -0.313673
0.876967 -0.275409 -0.393801
0.876967 -0.275409 -0.393801
0.878857 -0.204025 -0.431258
0.876397 -0.283334 -0.389424
0.464516 -0.142193 -0.874075
0.334305 -0.126417 -0.933948
0.201069 0.319772 -0.925914
0.201069 0.319772 -0.925914
0.396075 -0.094917 -0.913299
0.464516 -0.142193 -0.874075
0.290672 -0.522570 0.801517
0.287068 -0.481315 0.828207
0.268281 -0.607101 0.747966
0.268281 -0.607101 0.747966
0.044234 -0.728253 0.683880
0.290672 -0.522570 0.801517
0.201069 0.319772 -0.925914
0.334305 -0.126417 -0.933948
0.165968 -0.114553 -0.979455
0.165968 -0.114553 -0.979455
-0.014790 -0.115848 -0.993157
-0.000530 -0.108585 -0.994087
0.201069 0.319772 -0.925914
0.165968 -0.114553 -0.979455
-0.000530 -0.108585 -0.994087
0.201069 0.319772 -0.925914
-0.000530 -0.108585 -0.994087
0.177041 -0.074885 -0.981350
0.409296 -0.347631 0.843581
0.569317 -0.336373 0.750154
-0.230216 -0.496236 0.837108
0.409296 -0.347631 0.843581
-0.230216 -0.496236 0.837108
0.142335 -0.244954 0.959030
0.409296 -0.347631 0.843581
0.142335 -0.244954 0.959030
0.443131 -0.284854 0.849996
0.703288 -0.311302 0.639122
0.886844 -0.217883 0.407475
0.914962 -0.264532 0.304743
0.914962 -0.264532 0.304743
0.801584 -0.277292 0.529690
0.703288 -0.311302 0.639122
-0.423045 -0.904534 -0.053398
-0.336884 -0.940696 -0.040008
-0.514980 -0.815908 -0.262851
-0.514980 -0.815908 -0.262851
-0.455181 -0.871363 -0.183132
-0.423045 -0.904534 -0.053398
-0.678731 -0.733075 0.043884
-0.806982 -0.537574 0.244529
-0.674819 -0.724423 0.140825
-0.674819 -0.724423 0.140825
-0.627161 -0.778609 -0.020911
-0.678731 -0.733075 0.043884
-0.001680 -0.839031 -0.544081
-0.024236 -0.906355 -0.421822
0.013407 -0.918792 -0.394515
0.013407 -0.918792 -0.394515
-0.011011 -0.933876 -0.357428
-0.001680 -0.839031 -0.544081
-0.312185 -0.947333 -0.071420
-0.336591 -0.888516 -0.311844
-0.729785 -0.683304 0.022583
-0.729785 -0.683304 0.022583
-0.500445 -0.865370 0.026248
-0.312185 -0.947333 -0.071420
0.938573 -0.212140 0.272173
0.529312 -0.263855 0.806355
0.918243 -0.212018 0.334481
0.918243 -0.212018 0.334481
0.900957 -0.184110 0.392911
0.938573 -0.212140 0.272173
0.403299 -0.910863 -0.087632
0.956070 -0.010316 -0.292955
0.998798 -0.039221 0.029395
0.998798 -0.039221 0.029395
0.931040 -0.363863 0.027707
0.403299 -0.910863 -0.087632
0.664039 -0.702608 0.255724
0.512377 -0.842999 0.163776
0.542243 -0.820425 0.181317
0.542243 -0.820425 0.181317
0.683730 -0.678621 0.268304
0.664039 -0.702608 0.255724
0.179677 -0.418822 -0.890115
0.191391 -0.318587 -0.928371
0.440958 -0.265041 -0.857502
0.440958 -0.265041 -0.857502
0.542231 -0.430567 -0.721524
0.179677 -0.418822 -0.890115
-0.757573 0.603797 -0.248019
-0.547860 0.803663 -0.232325
-0.587692 0.773758 -0.236469
-0.587692 0.773758 -0.236469
-0.786689 0.565077 -0.248614
-0.757573 0.603797 -0.248019
-0.944043 -0.157876 -0.289583
-0.948164 -0.004214 -0.317753
-0.928320 -0.224668 -0.296220
-0.928320 -0.224668 -0.296220
-0.918144 -0.277812 -0.282546
-0.944043 -0.157876 -0.289583
0.934690 0.091076 0.343597
0.942357 -0.045022 0.331565
0.932038 -0.102674 0.347511
0.932038 -0.102674 0.347511
0.934597 0.085153 0.345366
0.934690 0.091076 0.343597
-0.285648 -0.060958 -0.956394
-0.129834 0.213930 -0.968182
-0.072338 0.084575 -0.993788
-0.072338 0.084575 -0.993788
0.017184 -0.061439 -0.997963
-0.285648 -0.060958 -0.956394
0.191391 -0.318587 -0.928371
0.179677 -0.418822 -0.890115
-0.027205 -0.290859 -0.956379
-0.027205 -0.290859 -0.956379
0.043286 -0.186388 -0.981522
0.191391 -0.318587 -0.928371
0.043286 -0.186388 -0.981522
0.017184 -0.061439 -0.997963
-0.072338 0.084575 -0.993788
0.191391 -0.318587 -0.928371
0.043286 -0.186388 -0.981522
-0.072338 0.084575 -0.993788
0.191391 -0.318587 -0.928371
-0.072338 0.084575 -0.993788
-0.022031 0.143774 -0.989365
0.586209 -0.026614 -0.809722
0.505898 -0.082803 -0.858610
0.440958 -0.265041 -0.857502
-0.022031 0.143774 -0.989365
0.586209 -0.026614 -0.809722
0.440958 -0.265041 -0.857502
0.191391 -0.318587 -0.928371
-0.022031 0.143774 -0.989365
0.440958 -0.265041 -0.857502
0.808235 -0.131251 -0.574047
0.542231 -0.430567 -0.721524
0.440958 -0.265041 -0.857502
0.440958 -0.265041 -0.857502
0.505898 -0.082803 -0.858610
0.808235 -0.131251 -0.574047
0.488312 0.396428 -0.777430
0.464244 0.470916 -0.750144
0.503860 0.339952 -0.794076
0.503860 0.339952 -0.794076
0.528529 0.227644 -0.817823
0.488312 0.396428 -0.777430
-0.072338 0.084575 -0.993788
-0.129834 0.213930 -0.968182
-0.159053 0.338895 -0.927282
-0.159053 0.338895 -0.927282
-0.022031 0.143774 -0.989365
-0.072338 0.084575 -0.993788
0.043286 -0.186388 -0.981522
-0.027205 -0.290859 -0.956379
-0.285648 -0.060958 -0.956394
-0.285648 -0.060958 -0.956394
0.017184 -0.061439 -0.997963
0.043286 -0.186388 -0.981522
0.378971 -0.473752 -0.794946
0.378805 -0.458060 -0.804169
0.378864 -0.462475 -0.801610
0.378864 -0.462475 -0.801610
0.378985 -0.476023 -0.793582
0.378971 -0.473752 -0.794946
0.634049 -0.158330 -0.756911
0.613678 -0.120967 -0.780235
0.601006 -0.110601 -0.791555
0.601006 -0.110601 -0.791555
0.636805 -0.160040 -0.754232
0.634049 -0.158330 -0.756911
0.613678 -0.120967 -0.780235
0.711296 -0.078979 -0.698441
0.673732 -0.083115 -0.734287
0.673732 -0.083115 -0.734287
0.601006 -0.110601 -0.791555
0.613678 -0.120967 -0.780235
0.333034 0.182994 -0.924987
0.359842 0.214688 -0.907977
0.344370 0.196345 -0.918073
0.344370 0.196345 -0.918073
0.324071 0.172490 -0.930175
0.333034 0.182994 -0.924987
-0.141904 0.045777 -0.988821
-0.128237 -0.165356 -0.977861
-0.127941 -0.109303 -0.985740
-0.127941 -0.109303 -0.985740
-0.148218 0.050229 -0.987678
-0.141904 0.045777 -0.988821
-0.128237 -0.165356 -0.977861
-0.035283 -0.282840 -0.958518
-0.070618 -0.286082 -0.955599
-0.070618 -0.286082 -0.955599
-0.127941 -0.109303 -0.985740
-0.128237 -0.165356 -0.977861
-0.000181 -0.475908 0.879495
0.000023 -0.503935 0.863742
0.287068 -0.481315 0.828207
0.287068 -0.481315 0.828207
0.290672 -0.522570 0.801517
0.262943 -0.450128 0.853373
-0.000181 -0.475908 0.879495
0.287068 -0.481315 0.828207
0.262943 -0.450128 0.853373
0.269801 -0.948788 0.164341
0.295690 -0.917135 0.267264
0.265527 -0.896480 0.354709
0.265527 -0.896480 0.354709
0.012058 -0.947290 0.320150
0.269801 -0.948788 0.164341
0.000000 0.125026 -0.992153
0.000000 0.125026 -0.992153
0.400664 0.114552 -0.909036
-0.000530 -0.108585 -0.994087
0.000000 -0.131904 -0.991262
0.225774 -0.128499 -0.965668
-0.000530 -0.108585 -0.994087
0.225774 -0.128499 -0.965668
0.362271 -0.132090 -0.922666
0.362271 -0.132090 -0.922666
0.475887 -0.081701 -0.875703
0.396075 -0.094917 -0.913299
0.396075 -0.094917 -0.913299
0.201069 0.319772 -0.925914
0.177041 -0.074885 -0.981350
0.362271 -0.132090 -0.922666
0.396075 -0.094917 -0.913299
0.177041 -0.074885 -0.981350
-0.000530 -0.108585 -0.994087
0.362271 -0.132090 -0.922666
0.177041 -0.074885 -0.981350
0.000000 -0.749697 0.661781
0.000000 -0.868819 0.495131
0.359897 -0.745186 0.561402
0.359897 -0.745186 0.561402
0.333246 -0.708430 0.622153
0.000000 -0.749697 0.661781
0.000000 0.763043 -0.646348
0.539673 0.642198 -0.544367
0.496408 0.409398 -0.765489
0.496408 0.409398 -0.765489
0.000000 0.527039 -0.849841
0.000000 0.763043 -0.646348
0.001927 0.892880 0.450291
0.279251 0.812246 0.512128
0.222841 0.897919 0.379582
0.222841 0.897919 0.379582
0.000000 0.949308 0.314346
0.001927 0.892880 0.450291
0.003532 0.891449 0.453107
0.332632 0.844585 0.419562
0.361483 0.871309 0.331890
0.361483 0.871309 0.331890
0.000000 0.922033 0.387112
0.003532 0.891449 0.453107
-0.000425 0.883492 -0.468447
0.464526 0.770863 -0.435874
0.509399 0.758664 -0.406131
0.509399 0.758664 -0.406131
0.000000 0.894223 -0.447622
-0.000425 0.883492 -0.468447
0.003436 -0.978372 0.206825
0.000000 -0.951510 0.307618
-0.381653 -0.923683 0.033929
-0.381653 -0.923683 0.033929
-0.419342 -0.907823 0.003079
0.003436 -0.978372 0.206825
0.696520 -0.715813 -0.049703
0.723122 -0.559899 -0.404484
0.681228 -0.555280 -0.477066
0.854173 -0.319706 -0.410093
0.696520 -0.715813 -0.049703
0.681228 -0.555280 -0.477066
0.854173 -0.319706 -0.410093
0.681228 -0.555280 -0.477066
0.535441 -0.841735 -0.069176
-0.000948 -0.999044 -0.043696
-0.002144 -0.997222 -0.074453
-0.002097 -0.998937 -0.046057
-0.015516 -0.967219 -0.253471
-0.000948 -0.999044 -0.043696
-0.002097 -0.998937 -0.046057
-0.015516 -0.967219 -0.253471
-0.002097 -0.998937 -0.046057
-0.022581 -0.965839 -0.258156
-0.057071 -0.800103 -0.597142
-0.066259 -0.503335 -0.861547
-0.042460 -0.814883 -0.578068
-0.022581 -0.965839 -0.258156
-0.057071 -0.800103 -0.597142
-0.042460 -0.814883 -0.578068
-0.015516 -0.967219 -0.253471
-0.022581 -0.965839 -0.258156
-0.042460 -0.814883 -0.578068
-0.845554 -0.438683 -0.304296
-0.845554 -0.438683 -0.304296
-0.845554 -0.438683 -0.304296
-0.718647 -0.538072 -0.440483
-0.718647 -0.538072 -0.440483
-0.718647 -0.538072 -0.440483
0.428782 -0.319470 -0.845035
0.428782 -0.319470 -0.845035
0.428782 -0.319470 -0.845035
0.552787 -0.456054 -0.697453
0.552787 -0.456054 -0.697453
0.552787 -0.456054 -0.697454
0.613659 -0.482732 -0.624814
0.613659 -0.482732 -0.624814
0.613659 -0.482732 -0.624814
0.399015 -0.515772 -0.758134
0.399015 -0.515772 -0.758134
0.399015 -0.515772 -0.758134
0.764792 -0.630534 0.132367
0.764792 -0.630534 0.132367
0.764792 -0.630534 0.132367
0.656064 -0.729130 0.194806
0.656064 -0.729130 0.194806
0.656064 -0.729130 0.194806
-0.476568 -0.737451 0.478590
-0.476568 -0.737451 0.478590
-0.476568 -0.737451 0.478590
-0.543365 -0.679903 0.492429
-0.543365 -0.679903 0.492429
-0.543365 -0.679903 0.492429
-0.362069 -0.925107 -0.114382
-0.390996 -0.913239 -0.114527
-0.366836 -0.909523 -0.195446
-0.362069 -0.925107 -0.114382
-0.366836 -0.909523 -0.195446
-0.293828 -0.925233 -0.240018
-0.362069 -0.925107 -0.114382
-0.293828 -0.925233 -0.240018
-0.407058 -0.885502 -0.224032
-0.336330 -0.931522 -0.138379
-0.362069 -0.925107 -0.114382
-0.407058 -0.885502 -0.224032
-0.039205 -0.990024 -0.135337
-0.076651 -0.970220 -0.229776
-0.139685 -0.970151 0.198232
-0.139685 -0.970151 0.198232
0.012032 -0.998379 0.055624
-0.039205 -0.990024 -0.135337
0.382307 -0.923367 0.035149
0.000000 -0.951510 0.307618
0.003436 -0.978372 0.206825
0.003436 -0.978372 0.206825
0.422356 -0.906417 0.004953
0.382307 -0.923367 0.035149
-0.381653 -0.923683 0.033929
-0.390996 -0.913239 -0.114527
-0.362069 -0.925107 -0.114382
-0.362069 -0.925107 -0.114382
-0.419342 -0.907823 0.003079
-0.381653 -0.923683 0.033929
-0.665092 -0.720218 0.197327
-0.665092 -0.720218 0.197327
-0.665092 -0.720218 0.197327
-0.763212 -0.631579 0.136438
-0.763212 -0.631579 0.136438
-0.763212 -0.631579 0.136438
0.536979 -0.697550 0.474424
0.536979 -0.697550 0.474424
0.536979 -0.697550 0.474424
0.487284 -0.738605 0.465850
0.487284 -0.738605 0.465850
0.487284 -0.738605 0.465850
0.731097 -0.455784 -0.507698
0.731097 -0.455784 -0.507698
0.731097 -0.455784 -0.507698
0.815551 -0.398032 -0.420056
0.815551 -0.398032 -0.420056
0.815551 -0.398032 -0.420056
-0.282585 -0.517589 -0.807618
-0.282585 -0.517589 -0.807618
-0.282585 -0.517589 -0.807618
-0.520335 -0.479291 -0.706776
-0.520335 -0.479291 -0.706776
-0.520335 -0.479291 -0.706776
-0.450839 -0.402357 -0.796777
-0.450839 -0.402357 -0.796777
-0.450839 -0.402357 -0.796777
-0.293828 -0.925233 -0.240018
0.110834 -0.801648 0.587432
-0.104176 -0.837835 -0.535891
-0.293828 -0.925233 -0.240018
-0.104176 -0.837835 -0.535891
-0.194493 -0.915345 -0.352584
-0.194493 -0.915345 -0.352584
-0.162769 -0.944885 -0.284076
-0.103961 -0.968283 -0.227199
-0.194493 -0.915345 -0.352584
-0.103961 -0.968283 -0.227199
-0.407058 -0.885502 -0.224032
-0.293828 -0.925233 -0.240018
-0.194493 -0.915345 -0.352584
-0.407058 -0.885502 -0.224032
-0.214976 -0.920855 -0.325287
-0.336330 -0.931522 -0.138379
-0.407058 -0.885502 -0.224032
-0.407058 -0.885502 -0.224032
-0.103961 -0.968283 -0.227199
-0.214976 -0.920855 -0.325287
0.251076 -0.647961 -0.719102
0.722198 -0.246704 -0.646194
0.084625 -0.673016 -0.734770
0.084625 -0.673016 -0.734770
0.152124 -0.688023 -0.709565
0.251076 -0.647961 -0.719102
0.464612 -0.796846 -0.386227
0.084454 -0.895294 -0.437397
-0.356155 -0.875127 -0.327578
0.464612 -0.796846 -0.386227
-0.356155 -0.875127 -0.327578
-0.162769 -0.944885 -0.284076
-0.162769 -0.944885 -0.284076
-0.097231 -0.967925 -0.231664
0.016494 -0.934204 -0.356357
-0.162769 -0.944885 -0.284076
0.016494 -0.934204 -0.356357
0.652192 -0.718473 -0.241747
0.464612 -0.796846 -0.386227
-0.162769 -0.944885 -0.284076
0.652192 -0.718473 -0.241747
-0.103961 -0.968283 -0.227199
-0.162769 -0.944885 -0.284076
-0.356155 -0.875127 -0.327578
-0.103961 -0.968283 -0.227199
-0.356155 -0.875127 -0.327578
0.084454 -0.895294 -0.437397
-0.103961 -0.968283 -0.227199
0.084454 -0.895294 -0.437397
-0.214976 -0.920855 -0.325287
0.326744 -0.906181 0.268467
0.359525 -0.932853 0.022949
0.341442 -0.920630 -0.189362
0.341442 -0.920630 -0.189362
-0.014345 -0.996205 -0.085843
0.326744 -0.906181 0.268467
0.341442 -0.920630 -0.189362
0.464612 -0.796846 -0.386227
0.652192 -0.718473 -0.241747
0.341442 -0.920630 -0.189362
0.652192 -0.718473 -0.241747
0.012032 -0.998379 0.055624
-0.014345 -0.996205 -0.085843
0.341442 -0.920630 -0.189362
0.012032 -0.998379 0.055624
0.251076 -0.647961 -0.719102
0.681228 -0.555280 -0.477066
0.723122 -0.559899 -0.404484
0.723122 -0.559899 -0.404484
0.722198 -0.246704 -0.646194
0.251076 -0.647961 -0.719102
-0.139685 -0.970151 0.198232
-0.128535 -0.931486 0.340313
-0.014345 -0.996205 -0.085843
-0.014345 -0.996205 -0.085843
0.012032 -0.998379 0.055624
-0.139685 -0.970151 0.198232
-0.128535 -0.931486 0.340313
0.250625 -0.904248 0.345721
0.326744 -0.906181 0.268467
0.326744 -0.906181 0.268467
-0.014345 -0.996205 -0.085843
-0.128535 -0.931486 0.340313
0.250625 -0.904248 0.345721
0.563378 -0.790238 0.241099
0.696520 -0.715813 -0.049703
0.696520 -0.715813 -0.049703
0.326744 -0.906181 0.268467
0.250625 -0.904248 0.345721
0.563378 -0.790238 0.241099
0.703839 -0.648716 -0.289445
0.723122 -0.559899 -0.404484
0.723122 -0.559899 -0.404484
0.696520 -0.715813 -0.049703
0.563378 -0.790238 0.241099
0.723122 -0.559899 -0.404484
0.703839 -0.648716 -0.289445
0.380647 -0.671126 -0.636159
0.380647 -0.671126 -0.636159
0.722198 -0.246704 -0.646194
0.723122 -0.559899 -0.404484
0.380647 -0.671126 -0.636159
0.123532 -0.599175 -0.791030
0.084625 -0.673016 -0.734770
0.084625 -0.673016 -0.734770
0.722198 -0.246704 -0.646194
0.380647 -0.671126 -0.636159
-0.207739 -0.935645 -0.285329
-0.102290 -0.936065 -0.336629
-0.076651 -0.970220 -0.229776
-0.076651 -0.970220 -0.229776
-0.039205 -0.990024 -0.135337
-0.207739 -0.935645 -0.285329
-0.097231 -0.967925 -0.231664
-0.102290 -0.936065 -0.336629
-0.207739 -0.935645 -0.285329
-0.207739 -0.935645 -0.285329
0.016494 -0.934204 -0.356357
-0.097231 -0.967925 -0.231664
-0.039205 -0.990024 -0.135337
0.012032 -0.998379 0.055624
0.652192 -0.718473 -0.241747
-0.207739 -0.935645 -0.285329
-0.039205 -0.990024 -0.135337
0.652192 -0.718473 -0.241747
-0.207739 -0.935645 -0.285329
0.652192 -0.718473 -0.241747
0.016494 -0.934204 -0.356357
0.084625 -0.673016 -0.734770
0.123532 -0.599175 -0.791030
0.027140 -0.608602 -0.793011
0.027140 -0.608602 -0.793011
0.092547 -0.707335 -0.700793
0.084625 -0.673016 -0.734770
0.152124 -0.688023 -0.709565
0.084625 -0.673016 -0.734770
0.092547 -0.707335 -0.700793
0.152124 -0.688023 -0.709565
0.092547 -0.707335 -0.700793
0.069979 -0.843183 -0.533053
-0.104176 -0.837835 -0.535891
0.152124 -0.688023 -0.709565
0.069979 -0.843183 -0.533053
-0.194493 -0.915345 -0.352584
-0.104176 -0.837835 -0.535891
0.069979 -0.843183 -0.533053
0.092547 -0.707335 -0.700793
0.027140 -0.608602 -0.793011
-0.102290 -0.936065 -0.336629
-0.102290 -0.936065 -0.336629
0.069979 -0.843183 -0.533053
0.092547 -0.707335 -0.700793
0.069979 -0.843183 -0.533053
-0.102290 -0.936065 -0.336629
-0.097231 -0.967925 -0.231664
-0.097231 -0.967925 -0.231664
-0.162769 -0.944885 -0.284076
-0.194493 -0.915345 -0.352584
0.069979 -0.843183 -0.533053
-0.097231 -0.967925 -0.231664
-0.194493 -0.915345 -0.352584
0.357663 -0.920048 -0.159963
0.417038 -0.883884 -0.211728
0.359525 -0.932853 0.022949
0.535441 -0.841735 -0.069176
0.357663 -0.920048 -0.159963
0.359525 -0.932853 0.022949
0.535441 -0.841735 -0.069176
0.359525 -0.932853 0.022949
0.326744 -0.906181 0.268467
0.535441 -0.841735 -0.069176
0.326744 -0.906181 0.268467
0.696520 -0.715813 -0.049703
0.535441 -0.841735 -0.069176
0.696520 -0.715813 -0.049703
0.854173 -0.319706 -0.410093
0.969760 0.243586 0.015187
0.893537 0.234788 -0.382709
0.723274 0.537129 -0.434013
0.723274 0.537129 -0.434013
0.884288 0.455791 -0.101437
0.969760 0.243586 0.015187
0.532812 0.694365 0.483703
0.475813 0.763304 0.437000
0.332632 0.844585 0.419562
0.332632 0.844585 0.419562
0.234127 0.796531 0.557425
0.532812 0.694365 0.483703
0.332632 0.844585 0.419562
0.475813 0.763304 0.437000
0.481623 0.817590 0.315572
0.481623 0.817590 0.315572
0.361483 0.871309 0.331890
0.332632 0.844585 0.419562
0.497633 0.763517 -0.411586
0.469156 0.748803 -0.468174
0.464526 0.770863 -0.435874
0.464526 0.770863 -0.435874
0.425013 0.801828 -0.420043
0.497633 0.763517 -0.411586
0.464526 0.770863 -0.435874
0.469156 0.748803 -0.468174
0.508037 0.737854 -0.444377
0.508037 0.737854 -0.444377
0.509399 0.758664 -0.406131
0.464526 0.770863 -0.435874
-0.234208 0.796432 0.557533
-0.000000 0.794516 0.607243
0.003532 0.891449 0.453107
0.003532 0.891449 0.453107
-0.330134 0.844731 0.421237
-0.234208 0.796432 0.557533
0.003532 0.891449 0.453107
0.000000 0.922033 0.387112
-0.360877 0.871094 0.333111
-0.360877 0.871094 0.333111
-0.330134 0.844731 0.421237
0.003532 0.891449 0.453107
-0.424893 0.802618 -0.418653
-0.000000 0.894381 -0.447306
-0.000425 0.883492 -0.468447
-0.000425 0.883492 -0.468447
-0.464301 0.771766 -0.434513
-0.424893 0.802618 -0.418653
-0.000425 0.883492 -0.468447
0.000000 0.894223 -0.447622
-0.509803 0.758911 -0.405160
-0.509803 0.758911 -0.405160
-0.464301 0.771766 -0.434513
-0.000425 0.883492 -0.468447
-0.968402 0.248921 0.015375
-0.954330 0.298183 0.018487
-0.888907 0.247696 -0.385344
-0.888907 0.247696 -0.385344
-0.893041 0.234352 -0.384131
-0.968402 0.248921 0.015375
-0.912517 0.221256 -0.344034
-0.893041 0.234352 -0.384131
-0.892741 0.259905 -0.368053
-0.892741 0.259905 -0.368053
-0.905526 0.260772 -0.334696
-0.912517 0.221256 -0.344034
0.998798 -0.039221 0.029395
0.956070 -0.010316 -0.292955
0.914505 0.221042 -0.338851
0.914505 0.221042 -0.338851
0.976708 0.176352 0.122239
0.998798 -0.039221 0.029395
0.956070 -0.010316 -0.292955
0.946254 0.002397 -0.323415
0.906975 0.261217 -0.330396
0.906975 0.261217 -0.330396
0.914505 0.221042 -0.338851
0.956070 -0.010316 -0.292955
-0.000000 0.232901 0.972500
-0.254296 0.209178 0.944234
-0.337562 0.240817 0.909978
-0.337562 0.240817 0.909978
-0.000741 0.252126 0.967694
-0.000000 0.232901 0.972500
-0.337562 0.240817 0.909978
-0.254296 0.209178 0.944234
-0.434666 0.193291 0.879604
-0.337562 0.240817 0.909978
-0.434666 0.193291 0.879604
-0.584367 0.349629 0.732307
-0.337562 0.240817 0.909978
-0.584367 0.349629 0.732307
-0.680170 0.314586 0.662121
-0.680170 0.314586 0.662121
-0.584367 0.349629 0.732307
-0.905334 0.227195 0.358822
-0.680170 0.314586 0.662121
-0.905334 0.227195 0.358822
-0.954330 0.298183 0.018487
-0.680170 0.314586 0.662121
-0.954330 0.298183 0.018487
-0.968402 0.248921 0.015375
0.337611 0.240705 0.909989
0.254296 0.209178 0.944234
-0.000000 0.232901 0.972500
-0.000000 0.232901 0.972500
-0.000741 0.252126 0.967694
0.337611 0.240705 0.909989
0.434545 0.193361 0.879649
0.254296 0.209178 0.944234
0.337611 0.240705 0.909989
0.655523 0.322647 0.682780
0.434545 0.193361 0.879649
0.337611 0.240705 0.909989
0.682487 0.330262 0.652026
0.655523 0.322647 0.682780
0.337611 0.240705 0.909989
0.969760 0.243586 0.015187
0.884288 0.455791 -0.101437
0.889845 0.201004 0.409601
0.969760 0.243586 0.015187
0.889845 0.201004 0.409601
0.655523 0.322647 0.682780
0.969760 0.243586 0.015187
0.655523 0.322647 0.682780
0.682487 0.330262 0.652026
0.914505 0.221042 -0.338851
0.906975 0.261217 -0.330396
0.894130 0.259357 -0.365055
0.894130 0.259357 -0.365055
0.893537 0.234788 -0.382709
0.914505 0.221042 -0.338851
-0.893041 0.234352 -0.384131
-0.888907 0.247696 -0.385344
-0.883645 0.251576 -0.394819
-0.883645 0.251576 -0.394819
-0.892741 0.259905 -0.368053
-0.893041 0.234352 -0.384131
-0.893041 0.234352 -0.384131
-0.912517 0.221256 -0.344034
-0.977471 0.174189 0.119198
-0.977471 0.174189 0.119198
-0.968402 0.248921 0.015375
-0.893041 0.234352 -0.384131
0.976708 0.176352 0.122239
0.914505 0.221042 -0.338851
0.893537 0.234788 -0.382709
0.893537 0.234788 -0.382709
0.969760 0.243586 0.015187
0.976708 0.176352 0.122239
-0.494699 0.765760 -0.410957
-0.424893 0.802618 -0.418653
-0.464301 0.771766 -0.434513
-0.464301 0.771766 -0.434513
-0.469216 0.749434 -0.467103
-0.494699 0.765760 -0.410957
-0.531235 0.695982 0.483113
-0.234208 0.796432 0.557533
-0.330134 0.844731 0.421237
-0.330134 0.844731 0.421237
-0.485695 0.763210 0.426158
-0.531235 0.695982 0.483113
-0.569734 0.767421 0.294053
-0.523380 0.746523 0.410825
-0.485695 0.763210 0.426158
-0.485695 0.763210 0.426158
-0.487638 0.809470 0.327060
-0.569734 0.767421 0.294053
-0.496426 0.725588 -0.476532
-0.514418 0.739268 -0.434576
-0.469216 0.749434 -0.467103
-0.469216 0.749434 -0.467103
-0.507898 0.738351 -0.443709
-0.496426 0.725588 -0.476532
0.593922 0.621114 0.511346
0.538588 0.718534 0.440036
0.475813 0.763304 0.437000
0.475813 0.763304 0.437000
0.532812 0.694365 0.483703
0.593922 0.621114 0.511346
0.538588 0.718534 0.440036
0.611106 0.745069 0.267249
0.481623 0.817590 0.315572
0.481623 0.817590 0.315572
0.475813 0.763304 0.437000
0.538588 0.718534 0.440036
0.497633 0.763517 -0.411586
0.884288 0.455791 -0.101437
0.723274 0.537129 -0.434013
0.723274 0.537129 -0.434013
0.469156 0.748803 -0.468174
0.497633 0.763517 -0.411586
0.469156 0.748803 -0.468174
0.723274 0.537129 -0.434013
0.496820 0.725186 -0.476734
0.496820 0.725186 -0.476734
0.508037 0.737854 -0.444377
0.469156 0.748803 -0.468174
0.086548 0.843979 0.529348
0.001927 0.892880 0.450291
-0.291750 0.813724 0.502727
-0.025790 0.823012 0.567438
0.086548 0.843979 0.529348
-0.291750 0.813724 0.502727
-0.413145 0.717527 0.560773
-0.025790 0.823012 0.567438
-0.291750 0.813724 0.502727
-0.550406 0.476420 -0.685622
-0.651168 0.541678 -0.531569
-0.539673 0.642198 -0.544367
-0.539673 0.642198 -0.544367
-0.496408 0.409398 -0.765489
-0.550406 0.476420 -0.685622
-0.186517 0.855849 0.482425
-0.292919 0.780210 0.552695
-0.291750 0.813724 0.502727
-0.291750 0.813724 0.502727
-0.222841 0.897919 0.379582
-0.186517 0.855849 0.482425
0.086548 0.843979 0.529348
0.066351 0.842243 0.535000
0.405046 0.734949 0.543863
0.001927 0.892880 0.450291
0.086548 0.843979 0.529348
0.405046 0.734949 0.543863
0.279251 0.812246 0.512128
0.001927 0.892880 0.450291
0.405046 0.734949 0.543863
0.539345 0.642345 -0.544518
0.641945 0.549855 -0.534385
0.651168 0.541678 -0.531569
0.651168 0.541678 -0.531569
0.539673 0.642198 -0.544367
0.539345 0.642345 -0.544518
0.279251 0.812246 0.512128
0.292919 0.780210 0.552694
0.186517 0.855849 0.482425
0.186517 0.855849 0.482425
0.222841 0.897919 0.379582
0.279251 0.812246 0.512128
-0.757608 -0.151343 -0.634922
-0.748240 0.061259 -0.660594
-0.801489 -0.081323 -0.592454
-0.757608 -0.151343 -0.634922
-0.801489 -0.081323 -0.592454
-0.792315 -0.299246 -0.531685
-0.792315 -0.299246 -0.531685
-0.690440 -0.395849 -0.605472
-0.789501 -0.267460 -0.552407
-0.757608 -0.151343 -0.634922
-0.792315 -0.299246 -0.531685
-0.789501 -0.267460 -0.552407
-0.550406 0.476420 -0.685622
-0.691634 0.453080 -0.562459
-0.754741 0.435650 -0.490485
-0.550406 0.476420 -0.685622
-0.754741 0.435650 -0.490485
-0.748609 0.430293 -0.504413
-0.651168 0.541678 -0.531569
-0.550406 0.476420 -0.685622
-0.748609 0.430293 -0.504413
-0.690440 -0.395849 -0.605472
-0.792315 -0.299246 -0.531685
-0.460069 -0.500062 -0.733672
-0.460069 -0.500062 -0.733672
-0.150961 -0.301545 -0.941425
0.075112 -0.556367 -0.827535
-0.690440 -0.395849 -0.605472
-0.460069 -0.500062 -0.733672
0.075112 -0.556367 -0.827535
0.075112 -0.556367 -0.827535
-0.006406 -0.562678 -0.826652
-0.557396 -0.464856 -0.687909
-0.690440 -0.395849 -0.605472
0.075112 -0.556367 -0.827535
-0.557396 -0.464856 -0.687909
-0.539673 0.642198 -0.544367
-0.539345 0.642345 -0.544518
-0.000000 0.763011 -0.646386
-0.000000 0.763011 -0.646386
0.000000 0.763043 -0.646348
-0.539673 0.642198 -0.544367
0.692292 -0.383798 -0.611090
0.831677 -0.295138 -0.470326
0.997163 0.046490 -0.059192
0.692292 -0.383798 -0.611090
0.997163 0.046490 -0.059192
0.824072 -0.158802 -0.543771
0.824072 -0.158802 -0.543771
0.646982 -0.249225 -0.720626
0.676079 -0.271951 -0.684806
0.692292 -0.383798 -0.611090
0.824072 -0.158802 -0.543771
0.676079 -0.271951 -0.684806
0.754741 0.435650 -0.490485
0.691634 0.453080 -0.562459
0.550406 0.476420 -0.685622
0.550406 0.476420 -0.685622
0.651168 0.541678 -0.531569
0.748609 0.430293 -0.504413
0.754741 0.435650 -0.490485
0.550406 0.476420 -0.685622
0.748609 0.430293 -0.504413
-0.006406 -0.562678 -0.826652
0.075112 -0.556367 -0.827535
0.177990 -0.444986 -0.877671
-0.006406 -0.562678 -0.826652
0.177990 -0.444986 -0.877671
0.486531 -0.529737 -0.694742
-0.006406 -0.562678 -0.826652
0.486531 -0.529737 -0.694742
0.831677 -0.295138 -0.470326
0.831677 -0.295138 -0.470326
0.692292 -0.383798 -0.611090
0.565216 -0.488889 -0.664469
-0.006406 -0.562678 -0.826652
0.831677 -0.295138 -0.470326
0.565216 -0.488889 -0.664469
-0.000000 0.763011 -0.646386
0.539345 0.642345 -0.544518
0.539673 0.642198 -0.544367
0.539673 0.642198 -0.544367
0.000000 0.763043 -0.646348
-0.000000 0.763011 -0.646386
-0.651168 0.541678 -0.531569
-0.641945 0.549855 -0.534385
-0.539345 0.642345 -0.544518
-0.539345 0.642345 -0.544518
-0.539673 0.642198 -0.544367
-0.651168 0.541678 -0.531569
0.550406 0.476420 -0.685622
0.496408 0.409398 -0.765489
0.539673 0.642198 -0.544367
0.539673 0.642198 -0.544367
0.651168 0.541678 -0.531569
0.550406 0.476420 -0.685622
-0.006406 -0.562678 -0.826652
-0.000000 -0.540273 -0.841490
-0.583321 -0.467728 -0.664053
-0.583321 -0.467728 -0.664053
-0.557396 -0.464856 -0.687909
-0.006406 -0.562678 -0.826652
-0.281654 -0.890016 0.358528
0.000000 -0.956447 0.291906
0.000000 -0.868819 0.495131
0.000000 -0.868819 0.495131
-0.359897 -0.745186 0.561402
-0.281654 -0.890016 0.358528
-0.333246 -0.708430 0.622153
-0.332880 -0.710356 0.620150
-0.354894 -0.713266 0.604402
-0.354894 -0.713266 0.604402
-0.359897 -0.745186 0.561402
-0.333246 -0.708430 0.622153
0.583321 -0.467728 -0.664053
-0.000000 -0.540273 -0.841490
-0.006406 -0.562678 -0.826652
-0.006406 -0.562678 -0.826652
0.565216 -0.488889 -0.664469
0.583321 -0.467728 -0.664053
0.000000 -0.868819 0.495131
0.000000 -0.956447 0.291906
0.281654 -0.890016 0.358528
0.281654 -0.890016 0.358528
0.359897 -0.745186 0.561402
0.000000 -0.868819 0.495131
0.354894 -0.713266 0.604402
0.332880 -0.710356 0.620150
0.333246 -0.708430 0.622153
0.333246 -0.708430 0.622153
0.359897 -0.745186 0.561402
0.354894 -0.713266 0.604402
-0.690440 -0.395849 -0.605472
-0.655937 -0.439739 -0.613496
-0.751105 -0.310371 -0.582675
-0.751105 -0.310371 -0.582675
-0.789501 -0.267460 -0.552407
-0.690440 -0.395849 -0.605472
-0.748609 0.430293 -0.504413
-0.754741 0.435650 -0.490485
-0.757030 0.426215 -0.495223
-0.757030 0.426215 -0.495223
-0.751972 0.425660 -0.503341
-0.748609 0.430293 -0.504413
-0.951778 -0.219779 0.214049
-0.950069 -0.170687 0.261219
-0.907592 -0.263701 0.326710
-0.907592 -0.263701 0.326710
-0.930171 -0.261568 0.257613
-0.951778 -0.219779 0.214049
-0.950862 0.207833 0.229495
-0.986206 -0.002302 0.165509
-0.976178 -0.020275 0.216022
-0.976178 -0.020275 0.216022
-0.939681 0.246812 0.236819
-0.950862 0.207833 0.229495
0.751106 -0.310371 -0.582675
0.655937 -0.439739 -0.613496
0.692292 -0.383798 -0.611090
0.692292 -0.383798 -0.611090
0.676079 -0.271951 -0.684806
0.751106 -0.310371 -0.582675
0.757030 0.426215 -0.495223
0.754741 0.435650 -0.490485
0.748609 0.430293 -0.504413
0.748609 0.430293 -0.504413
0.751972 0.425660 -0.503341
0.757030 0.426215 -0.495223
0.907592 -0.263701 0.326710
0.950069 -0.170687 0.261219
0.951778 -0.219779 0.214049
0.951778 -0.219779 0.214049
0.930171 -0.261568 0.257613
0.907592 -0.263701 0.326710
0.976178 -0.020275 0.216022
0.986206 -0.002302 0.165509
0.950862 0.207832 0.229495
0.950862 0.207832 0.229495
0.939681 0.246812 0.236819
0.976178 -0.020275 0.216022
-0.300688 -0.845764 0.440761
-0.047035 -0.632001 0.773539
-0.033239 -0.922377 0.384859
-0.033239 -0.922377 0.384859
-0.272999 -0.889929 0.365374
-0.300688 -0.845764 0.440761
0.529467 -0.812867 0.242718
0.420538 -0.816817 0.394916
0.417078 -0.769742 0.483264
0.417078 -0.769742 0.483264
0.371247 -0.847293 0.379829
0.370973 -0.862987 0.342977
0.529467 -0.812867 0.242718
0.417078 -0.769742 0.483264
0.370973 -0.862987 0.342977
0.363010 -0.844211 0.394375
0.529467 -0.812867 0.242718
0.370973 -0.862987 0.342977
0.235059 -0.843635 0.482729
0.231576 -0.823052 0.518612
0.361051 -0.732478 0.577164
0.420538 -0.816817 0.394916
0.235059 -0.843635 0.482729
0.361051 -0.732478 0.577164
0.420538 -0.816817 0.394916
0.361051 -0.732478 0.577164
0.417078 -0.769742 0.483264
0.330962 -0.835255 0.439105
0.440706 -0.722551 0.532634
0.000059 -0.837182 0.546924
0.000059 -0.837182 0.546924
0.012058 -0.947290 0.320150
0.265527 -0.896480 0.354709
0.330962 -0.835255 0.439105
0.000059 -0.837182 0.546924
0.265527 -0.896480 0.354709
0.000059 -0.837182 0.546924
-0.439932 -0.722791 0.532947
-0.368707 -0.841820 0.394200
-0.368707 -0.841820 0.394200
0.012058 -0.947290 0.320150
0.000059 -0.837182 0.546924
-0.439932 -0.722791 0.532947
-0.325271 -0.723002 0.609480
-0.387227 -0.800151 0.458054
-0.387227 -0.800151 0.458054
-0.368707 -0.841820 0.394200
-0.439932 -0.722791 0.532947
0.440706 -0.722551 0.532634
0.330962 -0.835255 0.439105
0.363759 -0.803758 0.470800
0.440706 -0.722551 0.532634
0.363759 -0.803758 0.470800
0.417078 -0.769742 0.483264
0.440706 -0.722551 0.532634
0.417078 -0.769742 0.483264
0.361051 -0.732478 0.577164
0.349245 -0.897898 0.267969
0.255829 -0.936530 0.239716
0.371247 -0.847293 0.379829
0.371247 -0.847293 0.379829
0.417078 -0.769742 0.483264
0.349245 -0.897898 0.267969
-0.440079 -0.743123 0.504082
-0.478673 -0.806219 0.347682
-0.387227 -0.800151 0.458054
-0.294508 -0.754398 0.586642
-0.440079 -0.743123 0.504082
-0.387227 -0.800151 0.458054
-0.294508 -0.754398 0.586642
-0.387227 -0.800151 0.458054
-0.325271 -0.723002 0.609480
-0.387227 -0.800151 0.458054
-0.478673 -0.806219 0.347682
-0.530717 -0.812067 0.242665
-0.530717 -0.812067 0.242665
-0.300688 -0.845764 0.440761
-0.272999 -0.889929 0.365374
-0.387227 -0.800151 0.458054
-0.530717 -0.812067 0.242665
-0.272999 -0.889929 0.365374
0.224325 -0.792117 0.567652
0.413980 -0.742712 0.526307
0.375062 -0.761569 0.528528
0.375062 -0.761569 0.528528
0.413980 -0.742712 0.526307
0.501776 -0.758159 0.416433
0.501776 -0.758159 0.416433
0.486295 -0.765795 0.420802
0.375062 -0.761569 0.528528
0.486295 -0.765795 0.420802
0.501776 -0.758159 0.416433
0.000000 -0.879212 0.476431
0.000000 -0.879212 0.476431
0.000000 -0.878128 0.478426
0.486295 -0.765795 0.420802
0.000000 -0.879212 0.476431
-0.501455 -0.758175 0.416789
-0.485662 -0.766035 0.421097
-0.485662 -0.766035 0.421097
0.000000 -0.878128 0.478426
0.000000 -0.879212 0.476431
-0.501455 -0.758175 0.416789
-0.415034 -0.741567 0.527091
-0.374443 -0.761361 0.529266
-0.374443 -0.761361 0.529266
-0.485662 -0.766035 0.421097
-0.501455 -0.758175 0.416789
-0.374443 -0.761361 0.529266
-0.415034 -0.741567 0.527091
-0.223817 -0.792486 0.567337
-0.325271 -0.723002 0.609480
-0.374443 -0.761361 0.529266
-0.223817 -0.792486 0.567337
-0.223817 -0.792486 0.567337
-0.294508 -0.754398 0.586642
-0.325271 -0.723002 0.609480
-0.325271 -0.723002 0.609480
-0.439932 -0.722791 0.532947
-0.485662 -0.766035 0.421097
-0.485662 -0.766035 0.421097
-0.374443 -0.761361 0.529266
-0.325271 -0.723002 0.609480
-0.439932 -0.722791 0.532947
0.000059 -0.837182 0.546924
0.000000 -0.878128 0.478426
0.000000 -0.878128 0.478426
-0.485662 -0.766035 0.421097
-0.439932 -0.722791 0.532947
0.000000 -0.878128 0.478426
0.000059 -0.837182 0.546924
0.440706 -0.722551 0.532634
0.440706 -0.722551 0.532634
0.486295 -0.765795 0.420802
0.000000 -0.878128 0.478426
0.486295 -0.765795 0.420802
0.440706 -0.722551 0.532634
0.361051 -0.732478 0.577164
0.361051 -0.732478 0.577164
0.375062 -0.761569 0.528528
0.486295 -0.765795 0.420802
0.224325 -0.792117 0.567652
0.375062 -0.761569 0.528528
0.361051 -0.732478 0.577164
0.361051 -0.732478 0.577164
0.231576 -0.823052 0.518612
0.224325 -0.792117 0.567652
-0.322664 -0.601946 0.730445
-0.083660 -0.319055 0.944037
-0.150923 -0.402128 0.903059
-0.150923 -0.402128 0.903059
0.005456 -0.728806 0.684698
-0.322664 -0.601946 0.730445
-0.001006 -0.790713 0.612186
0.457087 -0.756822 0.467217
0.343439 -0.923413 0.171343
0.343439 -0.923413 0.171343
0.040350 -0.951095 0.306253
-0.001006 -0.790713 0.612186
-0.171190 -0.957132 0.233651
-0.460127 -0.886205 0.054076
-0.368707 -0.841820 0.394200
-0.368707 -0.841820 0.394200
-0.387227 -0.800151 0.458054
-0.171190 -0.957132 0.233651
0.103099 -0.802350 0.587882
-0.005075 -0.663081 0.748531
0.136835 -0.670649 0.729045
0.136835 -0.670649 0.729045
0.363010 -0.844211 0.394375
0.103099 -0.802350 0.587882
-0.035651 -0.929166 0.367939
0.236676 -0.906152 0.350533
0.150042 -0.952595 0.264669
0.259497 -0.945625 0.196099
-0.035651 -0.929166 0.367939
0.150042 -0.952595 0.264669
0.259497 -0.945625 0.196099
0.150042 -0.952595 0.264669
0.335479 -0.927243 0.166356
0.259497 -0.945625 0.196099
0.335479 -0.927243 0.166356
0.351228 -0.928122 0.123403
0.351228 -0.928122 0.123403
-0.263212 -0.958736 0.107447
0.262108 -0.961104 0.087053
0.259497 -0.945625 0.196099
0.351228 -0.928122 0.123403
0.262108 -0.961104 0.087053
-0.442241 -0.876980 0.187962
0.383379 -0.908996 0.163548
-0.544648 -0.830662 0.115583
-0.442241 -0.876980 0.187962
-0.544648 -0.830662 0.115583
-0.454705 -0.860805 0.228602
-0.353010 -0.875272 0.330579
-0.442241 -0.876980 0.187962
-0.454705 -0.860805 0.228602
-0.353010 -0.875272 0.330579
-0.454705 -0.860805 0.228602
-0.228150 -0.892752 0.388511
-0.228150 -0.892752 0.388511
-0.333594 -0.805592 0.489630
0.063296 -0.844156 0.532348
-0.353010 -0.875272 0.330579
-0.228150 -0.892752 0.388511
0.063296 -0.844156 0.532348
-0.272999 -0.889929 0.365374
-0.033239 -0.922377 0.384859
-0.171190 -0.957132 0.233651
-0.171190 -0.957132 0.233651
-0.387227 -0.800151 0.458054
-0.272999 -0.889929 0.365374
-0.150923 -0.402128 0.903059
-0.083660 -0.319055 0.944037
-0.047035 -0.632001 0.773539
-0.047035 -0.632001 0.773539
-0.300688 -0.845764 0.440761
-0.150923 -0.402128 0.903059
0.040350 -0.951095 0.306253
-0.136549 -0.960361 0.243025
-0.322664 -0.601946 0.730445
-0.001006 -0.790713 0.612186
0.040350 -0.951095 0.306253
-0.322664 -0.601946 0.730445
0.005456 -0.728806 0.684698
-0.001006 -0.790713 0.612186
-0.322664 -0.601946 0.730445
-0.368707 -0.841820 0.394200
-0.460127 -0.886205 0.054076
-0.264911 -0.945956 0.187053
-0.264911 -0.945956 0.187053
0.012058 -0.947290 0.320150
-0.368707 -0.841820 0.394200
0.052368 -0.993556 0.100522
0.161118 -0.985654 0.050275
0.269801 -0.948788 0.164341
0.269801 -0.948788 0.164341
0.012058 -0.947290 0.320150
0.052368 -0.993556 0.100522
0.294445 -0.546944 0.783680
0.316419 -0.530040 0.786725
0.418538 -0.605622 0.676793
0.418538 -0.605622 0.676793
0.005456 -0.728806 0.684698
0.294445 -0.546944 0.783680
0.363759 -0.803758 0.470800
0.327918 -0.908662 0.258463
0.349245 -0.897898 0.267969
0.349245 -0.897898 0.267969
0.417078 -0.769742 0.483264
0.363759 -0.803758 0.470800
0.363010 -0.844211 0.394375
0.370973 -0.862987 0.342977
0.165088 -0.918008 0.360566
0.165088 -0.918008 0.360566
0.103099 -0.802350 0.587882
0.363010 -0.844211 0.394375
-0.169477 0.232211 0.957787
-0.169477 0.232211 0.957787
-0.169477 0.232211 0.957787
-0.223659 0.258996 0.939626
-0.223659 0.258996 0.939626
-0.223659 0.258996 0.939626
-0.326016 0.360065 0.874109
-0.326016 0.360065 0.874109
-0.326016 0.360065 0.874109
-0.954524 0.223546 0.197261
-0.954524 0.223546 0.197261
-0.954524 0.223546 0.197261
-0.810727 0.061141 0.582223
-0.810727 0.061141 0.582223
-0.810727 0.061141 0.582223
-0.928842 0.281772 0.240536
-0.928842 0.281772 0.240536
-0.928842 0.281772 0.240536
-0.942188 0.025759 -0.334094
-0.942188 0.025759 -0.334094
-0.942188 0.025759 -0.334094
-0.990188 0.003159 -0.139707
-0.990188 0.003159 -0.139707
-0.990188 0.003159 -0.139707
-0.881679 0.172690 -0.439113
-0.881679 0.172690 -0.439113
-0.881679 0.172690 -0.439113
-0.005421 -0.109001 -0.994027
-0.005421 -0.109001 -0.994027
-0.005421 -0.109001 -0.994027
-0.417304 -0.312862 -0.853215
-0.417304 -0.312862 -0.853214
-0.417304 -0.312862 -0.853215
-0.288655 -0.158424 -0.944235
-0.288655 -0.158424 -0.944235
-0.288655 -0.158424 -0.944235
0.477253 -0.015239 -0.878633
0.477253 -0.015239 -0.878634
0.477253 -0.015239 -0.878634
0.208965 -0.483285 -0.850158
0.208965 -0.483285 -0.850158
0.208965 -0.483285 -0.850158
0.366818 -0.120334 -0.922477
0.366818 -0.120334 -0.922477
0.366818 -0.120334 -0.922477
0.863804 0.452340 -0.221882
0.863804 0.452340 -0.221882
0.863804 0.452340 -0.221882
0.815640 0.030898 -0.577734
0.815640 0.030898 -0.577734
0.815640 0.030898 -0.577734
0.835923 0.426081 -0.345959
0.835923 0.426081 -0.345959
0.835923 0.426081 -0.345959
0.605176 0.650692 0.458653
0.605176 0.650692 0.458653
0.605176 0.650692 0.458653
0.903894 0.420525 0.078330
0.903893 0.420525 0.078330
0.903893 0.420525 0.078330
0.792285 0.577792 0.196061
0.792285 0.577792 0.196061
0.792285 0.577792 0.196061
-0.096996 0.432441 0.896430
-0.096996 0.432441 0.896430
-0.096996 0.432441 0.896430
0.408425 0.360650 0.838523
0.408425 0.360650 0.838523
0.408425 0.360650 0.838523
0.133221 0.495226 0.858489
0.133221 0.495226 0.858489
0.133221 0.495226 0.858489
-0.443864 -0.330534 0.832906
-0.443864 -0.330534 0.832906
-0.443864 -0.330534 0.832906
-0.473454 -0.253824 0.843454
-0.473454 -0.253824 0.843454
-0.473454 -0.253824 0.843454
-0.879729 -0.257614 0.399640
-0.879729 -0.257614 0.399640
-0.879729 -0.257614 0.399640
-0.843364 -0.295314 0.448918
-0.843364 -0.295314 0.448918
-0.843364 -0.295314 0.448918
-0.823711 -0.528671 -0.204958
-0.823711 -0.528671 -0.204958
-0.823711 -0.528671 -0.204958
-0.820512 -0.462529 -0.335896
-0.820513 -0.462529 -0.335896
-0.820513 -0.462529 -0.335896
-0.657498 -0.612177 -0.439244
-0.657498 -0.612177 -0.439244
-0.657498 -0.612177 -0.439244
-0.706431 -0.623120 -0.335674
-0.706431 -0.623120 -0.335674
-0.706431 -0.623120 -0.335674
-0.086616 -0.890196 -0.447268
-0.086616 -0.890196 -0.447268
-0.086616 -0.890196 -0.447268
-0.071110 -0.887713 -0.454873
-0.071110 -0.887713 -0.454873
-0.071110 -0.887713 -0.454873
0.405326 -0.904354 0.133621
0.405325 -0.904354 0.133621
0.405326 -0.904354 0.133621
0.479558 -0.862130 0.163572
0.479558 -0.862130 0.163572
0.479558 -0.862130 0.163572
0.326928 -0.704784 0.629601
0.326928 -0.704784 0.629601
0.326928 -0.704784 0.629601
0.356176 -0.657872 0.663584
0.356176 -0.657872 0.663583
0.356176 -0.657872 0.663584
0.171107 -0.511645 0.841987
0.171107 -0.511645 0.841987
0.171107 -0.511645 0.841987
0.210550 -0.633646 0.744420
0.210550 -0.633646 0.744421
0.210550 -0.633646 0.744420
0.295690 -0.917135 0.267264
0.168488 -0.950221 0.262090
0.330962 -0.835255 0.439105
0.330962 -0.835255 0.439105
0.265527 -0.896480 0.354709
0.295690 -0.917135 0.267264
0.371247 -0.847293 0.379829
0.336008 -0.869764 0.361400
0.370973 -0.862987 0.342977
0.255829 -0.936530 0.239716
0.177177 -0.928838 0.325374
0.336008 -0.869764 0.361400
0.336008 -0.869764 0.361400
0.371247 -0.847293 0.379829
0.255829 -0.936530 0.239716
-0.001006 -0.790713 0.612186
0.005456 -0.728806 0.684698
0.418538 -0.605622 0.676793
0.418538 -0.605622 0.676793
0.457087 -0.756822 0.467217
-0.001006 -0.790713 0.612186
-0.005075 -0.663081 0.748531
0.036362 -0.570591 0.820429
0.155099 -0.569412 0.807288
0.155099 -0.569412 0.807288
0.136835 -0.670649 0.729045
-0.005075 -0.663081 0.748531
0.040350 -0.951095 0.306253
0.343439 -0.923413 0.171343
0.161118 -0.985654 0.050275
0.161118 -0.985654 0.050275
0.052368 -0.993556 0.100522
0.040350 -0.951095 0.306253
0.155099 -0.569412 0.807288
0.036362 -0.570591 0.820429
0.316419 -0.530040 0.786725
0.316419 -0.530040 0.786725
0.294445 -0.546944 0.783680
0.155099 -0.569412 0.807288
0.330962 -0.835255 0.439105
0.168488 -0.950221 0.262090
0.327918 -0.908662 0.258463
0.327918 -0.908662 0.258463
0.363759 -0.803758 0.470800
0.330962 -0.835255 0.439105
0.370973 -0.862987 0.342977
0.336008 -0.869764 0.361400
0.177177 -0.928838 0.325374
0.177177 -0.928838 0.325374
0.165088 -0.918008 0.360566
0.370973 -0.862987 0.342977